OLS__L1,OLS__L2,OLS__Huber,Huber__L1,Huber__L2,Huber__Huber,t-test
0.011,0.003,0.004,0.018,0.003,0.006,0.0002999262067049044
0.095,0.022,0.028,0.139,0.022,0.047,0.0065489693021229655
0.098,0.105,0.085,0.116,0.1165,0.075,0.041965601378803834
0.095,0.027,0.032,0.088,0.032,0.039,0.006181154929153741
0.036,0.047,0.041,0.059,0.061,0.043,0.01976193525263037
0.001,0.001,0.001,0.001,0.001,0.001,1.310156819203204e-07
0.017,0.006,0.006,0.019,0.007,0.008,0.0011634575117670627
0.293,0.163,0.163,0.283,0.17,0.175,0.0874658848433123
0.001,0.002,0.001,0.001,0.001,0.001,3.6190935131297644e-05
0.043,0.019,0.017,0.044,0.025,0.019,0.005582599158936601
0.025,0.004,0.005,0.029,0.006,0.009,0.0004169887622910058
0.003,0.001,0.001,0.008,0.001,0.001,3.052283459169496e-05
0.003,0.002,0.002,0.006,0.002,0.004,6.599152245493774e-05
0.001,0.001,0.001,0.001,0.001,0.001,1.2101713795412995e-06
0.003,0.001,0.001,0.006,0.001,0.001,1.2184400716148655e-05
0.03,0.022,0.02,0.044,0.027,0.023,0.005727289544757025
0.002,0.001,0.002,0.004,0.001,0.002,1.2270521446116691e-05
0.01,0.004,0.004,0.009,0.008,0.004,0.0003278040329751733
0.053,0.017,0.024,0.062,0.018,0.033,0.004928496684713108
0.001,0.001,0.001,0.001,0.001,0.001,7.251294310405484e-08
0.001,0.001,0.001,0.002,0.001,0.001,2.6122403397280647e-06
0.001,0.001,0.001,0.001,0.002,0.001,1.1557871157030107e-05
0.01,0.006,0.003,0.011,0.006,0.005,0.0011876431192460785
0.001,0.001,0.001,0.001,0.001,0.001,4.018096069850328e-05
0.001,0.001,0.001,0.001,0.001,0.001,4.668037259520746e-06
0.004,0.003,0.003,0.002,0.003,0.002,1.1649958147555283e-05
0.013,0.003,0.002,0.016,0.004,0.003,0.0002808932219520018
0.044,0.037,0.039,0.072,0.033,0.048,0.009489566528542792
0.0555,0.0375,0.033,0.068,0.0445,0.036,0.009243848259017187
0.006,0.007,0.007,0.013,0.007,0.007,0.0011426995632729758
0.003,0.001,0.001,0.01,0.001,0.003,0.0002651190877402604
0.002,0.001,0.003,0.007,0.001,0.004,7.076363771617406e-06
0.01,0.003,0.003,0.008,0.004,0.004,0.0001263169514928574
0.019,0.005,0.005,0.018,0.008,0.005,0.0007050253561663118
0.054,0.012,0.016,0.069,0.014,0.029,0.00213988763175281
0.035,0.005,0.005,0.0645,0.003,0.015,0.0005051440838193928
0.007,0.004,0.005,0.008,0.008,0.005,0.0006432933646237161
0.001,0.001,0.001,0.001,0.001,0.001,4.6119418478896525e-08
0.028,0.004,0.005,0.03,0.003,0.006,0.00026705123218431976
0.053,0.012,0.023,0.0585,0.014,0.04,0.00420667857733042
0.039,0.002,0.005,0.049,0.004,0.01,0.0002368209359412706
0.004,0.002,0.002,0.004,0.003,0.002,2.3509983359845007e-05
0.016,0.004,0.006,0.014,0.003,0.009,0.0009697173844237775
0.004,0.001,0.001,0.009,0.001,0.001,1.5763946435616894e-05
0.001,0.003,0.003,0.002,0.003,0.002,3.486723658763637e-05
0.4085,0.1145,0.153,0.377,0.136,0.201,0.05794335428015568
0.044,0.006,0.011,0.055,0.007,0.017,0.0007377303654239467
0.015,0.003,0.003,0.026,0.004,0.002,0.00045494925641746995
0.012,0.002,0.004,0.032,0.002,0.008,0.00043056200699914026
0.003,0.002,0.002,0.003,0.002,0.002,8.916157376520138e-06
0.057,0.019,0.017,0.072,0.019,0.024,0.0046057958289690655
0.029,0.012,0.011,0.037,0.017,0.012,0.0034156073653128396
0.2605,0.1925,0.185,0.337,0.18,0.202,0.10749657241881055
0.03,0.026,0.027,0.035,0.03,0.022,0.006887431554060581
0.01,0.0045,0.005,0.013,0.004,0.007,0.0006969910131707732
0.005,0.004,0.002,0.008,0.004,0.006,0.0001234401151698596
0.001,0.001,0.001,0.003,0.001,0.001,2.812240810425495e-05
0.01,0.004,0.003,0.018,0.003,0.006,0.0005703319443106839
0.002,0.002,0.002,0.007,0.002,0.002,0.00011297800754751409
0.016,0.002,0.002,0.023,0.003,0.005,0.00026061236980202816
0.012,0.001,0.003,0.016,0.001,0.003,9.459069430177616e-05
0.043,0.026,0.031,0.05,0.026,0.035,0.007389474420034214
0.08,0.017,0.032,0.121,0.021,0.051,0.0038637351111821564
0.008,0.005,0.004,0.006,0.006,0.004,0.00036775459413642867
0.008,0.004,0.005,0.015,0.005,0.011,0.0008021134440965073
0.023,0.005,0.005,0.037,0.006,0.007,0.0005845280738518041
0.0825,0.056,0.062,0.129,0.058,0.083,0.02660656791005898
0.003,0.001,0.002,0.004,0.001,0.002,1.6055136417659332e-05
0.001,0.001,0.001,0.001,0.001,0.001,2.443921850941695e-06
0.035,0.01,0.01,0.058,0.009,0.015,0.0027904131808484567
0.019,0.013,0.012,0.03,0.011,0.011,0.0011728206486224767
0.007,0.007,0.007,0.01,0.01,0.007,0.0014419500825466622
0.022,0.009,0.01,0.025,0.008,0.01,0.0017265381739714912
0.046,0.002,0.007,0.05,0.002,0.011,0.0006655399340148355
0.037,0.021,0.017,0.061,0.018,0.029,0.008223050159400443
0.169,0.186,0.179,0.215,0.17,0.199,0.11299479957517795
0.001,0.001,0.001,0.001,0.002,0.001,0.00011696665171570108
0.133,0.077,0.07,0.178,0.068,0.082,0.030345658796011976
0.014,0.014,0.01,0.01,0.029,0.008,0.0035957026031517014
0.056,0.028,0.038,0.065,0.021,0.042,0.006169838847599933
0.028,0.012,0.014,0.031,0.014,0.015,0.001141228776866261
0.068,0.034,0.042,0.099,0.029,0.054,0.008386910489793833
0.002,0.001,0.001,0.001,0.001,0.001,2.3503046223577986e-05
0.013,0.003,0.002,0.026,0.003,0.006,0.00070802164965501
0.22,0.0325,0.038,0.307,0.028,0.065,0.009814456873145002
0.001,0.001,0.001,0.001,0.001,0.001,1.2541096405427502e-07
0.126,0.0685,0.087,0.143,0.073,0.104,0.027084932218050927
0.001,0.001,0.001,0.004,0.001,0.001,1.258041676837465e-05
0.053,0.011,0.013,0.07,0.014,0.017,0.001120456054231355
0.021,0.005,0.007,0.031,0.006,0.011,0.0016011950970385728
0.026,0.006,0.006,0.03,0.006,0.012,0.0008562641511010772
0.082,0.056,0.043,0.089,0.057,0.048,0.02416856153111948
0.081,0.008,0.01,0.07,0.014,0.025,0.0019165396483356797
0.008,0.002,0.003,0.016,0.002,0.005,6.874020463046509e-05
0.002,0.001,0.001,0.002,0.001,0.001,1.266761765083445e-07
0.01,0.005,0.005,0.009,0.007,0.005,0.0014719279901884842
0.065,0.014,0.017,0.097,0.012,0.024,0.002202534582085749
0.004,0.001,0.001,0.006,0.001,0.002,7.995405534967673e-05
0.009,0.004,0.004,0.016,0.005,0.005,6.12465546816907e-05
0.001,0.001,0.001,0.001,0.001,0.001,1.3407703259303895e-08
0.002,0.001,0.001,0.003,0.001,0.001,4.075193739107786e-05
0.024,0.022,0.015,0.027,0.031,0.014,0.008070203548128341
0.003,0.003,0.002,0.005,0.004,0.004,0.0005833465664901638
0.001,0.001,0.001,0.001,0.001,0.001,1.86690871225555e-07
0.002,0.001,0.001,0.004,0.001,0.001,6.661195849589283e-06
0.207,0.049,0.074,0.2075,0.047,0.0995,0.012934185017631482
0.001,0.001,0.001,0.002,0.001,0.001,9.000555070029148e-07
0.001,0.001,0.001,0.001,0.001,0.001,5.485701815367441e-07
0.002,0.001,0.001,0.001,0.002,0.001,0.0001312765899016776
0.002,0.001,0.001,0.002,0.001,0.001,1.7588055758560562e-07
0.075,0.008,0.012,0.069,0.013,0.021,0.002040904359057233
0.009,0.011,0.014,0.021,0.01,0.014,0.001367121142136391
0.148,0.1225,0.116,0.166,0.132,0.122,0.06591971270228185
0.005,0.002,0.003,0.006,0.002,0.004,1.8452609607856652e-05
0.001,0.001,0.001,0.001,0.001,0.001,1.645707892500019e-05
0.03,0.005,0.009,0.04,0.006,0.009,0.0006220896413552493
0.04,0.013,0.008,0.056,0.022,0.014,0.002425589581990429
0.002,0.003,0.002,0.002,0.005,0.001,0.00013005232712132926
0.01,0.008,0.007,0.011,0.007,0.006,0.0005423884788047062
0.031,0.004,0.006,0.0545,0.005,0.011,0.00023870897270698106
0.018,0.005,0.007,0.021,0.006,0.01,0.00037332813693630423
0.022,0.003,0.004,0.038,0.004,0.009,0.0004882281899982919
0.074,0.035,0.036,0.1085,0.036,0.043,0.007745246415583486
0.05,0.046,0.026,0.045,0.069,0.025,0.020159828853839
0.012,0.002,0.002,0.019,0.003,0.005,0.00011469974316074385
0.077,0.022,0.034,0.065,0.02,0.043,0.005214331602017871
0.014,0.001,0.001,0.019,0.001,0.002,0.00013925676700056442
0.003,0.001,0.001,0.004,0.001,0.001,7.725228487705735e-06
0.001,0.001,0.001,0.003,0.001,0.001,8.160618874940428e-07
0.005,0.003,0.003,0.003,0.004,0.003,0.00015865821091772244
0.003,0.003,0.002,0.004,0.003,0.003,3.2249200380399064e-05
0.009,0.004,0.004,0.019,0.003,0.006,0.0005240210144654818
0.031,0.002,0.003,0.032,0.002,0.006,0.00011783245395666632
0.002,0.003,0.003,0.003,0.002,0.003,4.584899061980313e-05
0.007,0.004,0.003,0.008,0.004,0.004,0.0003903071057074667
0.016,0.017,0.017,0.022,0.023,0.014,0.0036707802460799696
0.008,0.001,0.002,0.011,0.001,0.002,8.767340878839449e-06
0.2555,0.064,0.093,0.257,0.066,0.1345,0.02718363690792114
0.086,0.054,0.048,0.098,0.063,0.055,0.013532350299798684
0.003,0.001,0.001,0.005,0.001,0.002,1.0919104973576012e-05
0.0785,0.0765,0.072,0.106,0.084,0.073,0.033881265099069434
0.04,0.013,0.011,0.0555,0.015,0.015,0.0033963683343808315
0.013,0.009,0.007,0.026,0.011,0.01,0.0013858767027218118
0.031,0.008,0.013,0.048,0.009,0.016,0.002120494423670336
0.046,0.034,0.035,0.063,0.044,0.037,0.01104803781564577
0.001,0.002,0.001,0.001,0.002,0.001,3.793998810880266e-05
0.0215,0.006,0.007,0.037,0.006,0.01,0.0004095911227929148
0.059,0.02,0.024,0.086,0.018,0.029,0.004489255770695706
0.004,0.001,0.002,0.007,0.003,0.003,6.695669130681472e-05
0.065,0.018,0.025,0.091,0.018,0.036,0.0038282621793211094
0.004,0.001,0.001,0.012,0.001,0.003,4.655560490367412e-05
0.008,0.002,0.002,0.007,0.003,0.004,0.00019093964149305347
0.001,0.001,0.001,0.002,0.001,0.001,9.153393399251106e-06
0.001,0.001,0.001,0.001,0.001,0.001,1.7476809137236557e-09
0.008,0.009,0.005,0.007,0.016,0.004,0.0007171548972692525
0.001,0.002,0.001,0.002,0.002,0.001,2.0843579314108593e-05
0.014,0.009,0.009,0.012,0.019,0.007,0.0013588060017396036
0.1085,0.024,0.045,0.17,0.018,0.074,0.0034342942885144533
0.001,0.001,0.001,0.001,0.001,0.001,4.967318035683842e-07
0.001,0.001,0.001,0.001,0.001,0.001,3.044119654819348e-06
0.013,0.012,0.009,0.017,0.015,0.008,0.0014795819409692437
0.019,0.005,0.004,0.015,0.006,0.006,0.0017578710069700227
0.017,0.005,0.003,0.023,0.005,0.005,0.0002858404584124786
0.002,0.001,0.001,0.003,0.001,0.001,4.154955610859978e-05
0.013,0.01,0.009,0.022,0.013,0.01,0.0014810753124194322
0.001,0.001,0.001,0.002,0.001,0.001,2.188534285428746e-05
0.229,0.233,0.1995,0.219,0.247,0.195,0.1433833583247182
0.004,0.002,0.002,0.006,0.001,0.001,0.00019396597792292438
0.3825,0.133,0.173,0.4025,0.144,0.249,0.07619718029292052
0.001,0.001,0.001,0.001,0.001,0.001,9.8768122126519e-08
0.032,0.006,0.007,0.039,0.005,0.013,0.0011271994102325811
0.018,0.012,0.012,0.025,0.013,0.014,0.0029428523922250126
0.005,0.003,0.003,0.009,0.003,0.003,5.7801045561649605e-05
0.002,0.005,0.005,0.003,0.006,0.004,0.0005332797791857773
0.36,0.256,0.264,0.36,0.26,0.286,0.16400034189143461
0.033,0.014,0.019,0.037,0.014,0.019,0.003108163270264861
0.026,0.023,0.026,0.025,0.026,0.031,0.004549974594034665
0.018,0.008,0.008,0.024,0.009,0.011,0.00036008592900150556
0.037,0.016,0.017,0.056,0.024,0.016,0.003483906197237285
0.001,0.001,0.001,0.001,0.001,0.001,1.018064477575219e-05
0.07,0.01,0.016,0.077,0.012,0.029,0.002397372184254358
0.001,0.001,0.001,0.006,0.001,0.001,1.965394798146039e-05
0.014,0.012,0.01,0.024,0.021,0.008,0.004051270266450911
0.008,0.007,0.005,0.007,0.013,0.006,0.0018443554402634763
0.027,0.006,0.007,0.043,0.006,0.012,0.0004165200093415539
0.041,0.007,0.009,0.06,0.011,0.019,0.001151422288959675
0.607,0.0905,0.159,0.597,0.116,0.269,0.0349612674132554
0.001,0.001,0.001,0.002,0.001,0.001,2.0011823573001848e-05
0.01,0.002,0.002,0.017,0.001,0.003,3.986784961176102e-05
0.001,0.001,0.002,0.005,0.001,0.002,1.8970064812144678e-05
0.001,0.001,0.001,0.002,0.001,0.001,2.9252194158865897e-07
0.037,0.0295,0.028,0.049,0.035,0.029,0.00750261750851925
0.006,0.001,0.001,0.011,0.001,0.004,2.6169414257681357e-05
0.019,0.015,0.012,0.0335,0.016,0.015,0.002879739953981137
0.015,0.005,0.007,0.027,0.007,0.008,0.0014159732705905554
0.018,0.001,0.004,0.026,0.001,0.006,0.000242647980218853
0.011,0.01,0.009,0.0115,0.021,0.008,0.0012008993961058906
0.079,0.125,0.096,0.096,0.1345,0.09,0.0722409181685112
0.001,0.001,0.001,0.001,0.001,0.001,2.481573273775703e-07
0.046,0.027,0.031,0.053,0.031,0.035,0.009047513149968338
0.002,0.001,0.001,0.002,0.001,0.001,1.5878335234765755e-06
0.018,0.005,0.006,0.016,0.007,0.008,0.0010787705386899667
0.021,0.004,0.005,0.037,0.004,0.009,0.00021751076199822032
0.131,0.025,0.038,0.152,0.0225,0.052,0.009399298100010873
0.074,0.021,0.025,0.085,0.02,0.025,0.005379308660761505
0.008,0.001,0.001,0.015,0.001,0.002,0.00019190985197665829
0.033,0.016,0.015,0.039,0.02,0.019,0.004225871351818993
0.003,0.001,0.002,0.006,0.001,0.002,9.035851660570291e-05
0.018,0.01,0.01,0.0355,0.011,0.012,0.00151394193202068
0.001,0.001,0.001,0.001,0.001,0.001,5.6759714787278606e-08
0.022,0.006,0.006,0.036,0.006,0.015,0.0010438785804096108
0.019,0.011,0.009,0.029,0.012,0.013,0.0017064090077646647
0.003,0.001,0.001,0.006,0.001,0.003,0.0001859884942135579
0.004,0.003,0.003,0.008,0.003,0.004,0.0003485960488877701
0.159,0.165,0.176,0.191,0.17,0.185,0.09363766113209002
0.267,0.1885,0.218,0.315,0.1795,0.248,0.10559317904840171
0.024,0.012,0.011,0.028,0.014,0.014,0.002452881683573249
0.033,0.03,0.028,0.044,0.03,0.035,0.00808058221094643
0.001,0.003,0.003,0.002,0.003,0.002,1.1480726757403483e-05
0.004,0.005,0.004,0.006,0.005,0.005,0.00037956791172026144
0.001,0.001,0.001,0.002,0.001,0.001,3.0450267081548046e-06
0.006,0.001,0.002,0.008,0.002,0.002,0.0001148124042499764
0.064,0.05,0.056,0.068,0.0505,0.059,0.012721439244106446
0.069,0.063,0.061,0.082,0.06,0.0625,0.024666957175949012
0.001,0.001,0.001,0.001,0.001,0.001,6.887925202331668e-06
0.032,0.004,0.007,0.046,0.003,0.01,0.0009067455279250993
0.007,0.004,0.003,0.014,0.005,0.005,0.00011926021715145373
0.001,0.001,0.001,0.002,0.001,0.001,2.271416191699517e-06
0.004,0.003,0.003,0.004,0.005,0.003,0.00014975634743541306
0.001,0.001,0.001,0.003,0.001,0.001,8.685225544466838e-07
0.005,0.001,0.001,0.008,0.001,0.002,5.247754410597756e-05
0.001,0.001,0.001,0.001,0.001,0.001,8.88792378099882e-06
0.009,0.001,0.001,0.01,0.002,0.002,4.329066604399104e-05
0.002,0.001,0.001,0.002,0.001,0.001,3.655874875383032e-05
0.001,0.001,0.001,0.001,0.001,0.001,5.472607345898557e-09
0.0485,0.009,0.012,0.089,0.008,0.02,0.0013592123884676158
0.016,0.003,0.004,0.02,0.004,0.004,0.000364283140297675
0.05,0.031,0.03,0.087,0.027,0.048,0.008620931184440038
0.011,0.001,0.001,0.017,0.001,0.002,9.223218369190337e-05
0.074,0.008,0.014,0.084,0.01,0.032,0.0018538615835138883
0.04,0.044,0.034,0.046,0.056,0.033,0.01682638434447366
0.004,0.003,0.002,0.006,0.002,0.002,3.9218843239565775e-05
0.078,0.018,0.027,0.08,0.022,0.033,0.006896133635413718
0.012,0.001,0.001,0.011,0.001,0.003,0.00016808937042557502
0.015,0.008,0.006,0.014,0.013,0.006,0.0016194197985477258
0.113,0.079,0.0835,0.174,0.072,0.103,0.034962400817415536
0.001,0.001,0.001,0.001,0.001,0.001,2.5480891393693704e-08
0.0445,0.023,0.026,0.047,0.027,0.029,0.00667425709503714
0.01,0.006,0.007,0.013,0.007,0.011,0.000426160901086682
0.686,0.3295,0.413,0.6585,0.368,0.4915,0.2330532678138546
0.015,0.004,0.003,0.026,0.004,0.006,0.00016209149842389222
0.003,0.001,0.001,0.003,0.001,0.001,2.2650053923112605e-06
0.217,0.243,0.235,0.251,0.252,0.225,0.1639943203701058
0.045,0.012,0.015,0.069,0.011,0.025,0.001794234333650407
0.078,0.018,0.026,0.044,0.024,0.028,0.0026621252107687263
0.034,0.02,0.021,0.04,0.02,0.021,0.0034716263853589013
0.019,0.005,0.006,0.041,0.006,0.012,0.0003830169982689933
0.01,0.001,0.003,0.012,0.002,0.004,3.630746965749523e-05
0.072,0.025,0.023,0.089,0.023,0.037,0.005303451734381832
0.01,0.005,0.005,0.013,0.005,0.008,0.0005173998148501678
0.001,0.001,0.001,0.002,0.001,0.001,3.795999911937662e-05
0.028,0.02,0.021,0.038,0.021,0.026,0.003434093423275541
0.008,0.001,0.001,0.009,0.001,0.001,8.392816822583454e-06
0.085,0.025,0.025,0.103,0.023,0.043,0.006743743233664571
0.011,0.002,0.003,0.021,0.002,0.006,0.00013400437142640435
0.35,0.106,0.116,0.3355,0.103,0.162,0.06288717469414598
0.001,0.001,0.001,0.001,0.001,0.001,1.6891558094597144e-06
0.077,0.034,0.033,0.087,0.038,0.035,0.015205779725645973
0.001,0.002,0.001,0.005,0.002,0.001,3.385503222214627e-05
0.001,0.001,0.001,0.002,0.001,0.001,1.726441765929834e-05
0.035,0.017,0.02,0.054,0.018,0.03,0.005262838576383868
0.004,0.001,0.001,0.003,0.001,0.002,2.004317554374919e-05
0.007,0.01,0.009,0.009,0.015,0.007,0.001071153050489368
0.03,0.009,0.006,0.029,0.01,0.007,0.0008751670581571284
0.112,0.023,0.038,0.132,0.025,0.049,0.00684253042222871
0.018,0.002,0.003,0.022,0.002,0.003,0.00021735778248792862
0.01,0.003,0.003,0.009,0.006,0.003,0.0002634166839994073
0.002,0.001,0.001,0.002,0.001,0.001,1.6863969361067315e-05
0.0435,0.017,0.018,0.0635,0.0185,0.023,0.005458991074791141
0.002,0.001,0.001,0.007,0.001,0.001,2.08566797870918e-05
0.03,0.015,0.02,0.047,0.012,0.028,0.0034525696382856305
0.294,0.143,0.164,0.338,0.166,0.198,0.08003099953750568
0.4035,0.2525,0.261,0.395,0.2565,0.301,0.17145148919938155
0.3865,0.4285,0.4225,0.417,0.406,0.417,0.3372706883452987
0.013,0.008,0.007,0.021,0.008,0.009,0.0003794353539360641
0.005,0.001,0.001,0.01,0.001,0.002,1.9070690178723423e-05
0.004,0.001,0.001,0.004,0.001,0.002,2.3195278004208498e-05
0.009,0.002,0.004,0.0075,0.002,0.003,0.00013090013315250092
0.001,0.001,0.001,0.001,0.001,0.001,2.191962590552768e-06
0.001,0.001,0.001,0.001,0.001,0.001,1.527874475654123e-07
0.025,0.002,0.003,0.027,0.003,0.005,0.0003009721971272696
0.029,0.038,0.025,0.046,0.039,0.025,0.014218504333988486
0.021,0.009,0.012,0.028,0.009,0.014,0.0012669851182183266
0.002,0.001,0.001,0.002,0.002,0.001,7.975962104031339e-06
0.003,0.001,0.001,0.006,0.001,0.001,2.3635992545581145e-05
0.003,0.002,0.002,0.003,0.003,0.002,0.00012048093069972558
0.031,0.013,0.011,0.045,0.01,0.016,0.002236147898516403
0.006,0.002,0.002,0.009,0.002,0.002,2.5761917919119325e-05
0.138,0.073,0.082,0.173,0.07,0.09,0.03167112151097506
0.069,0.006,0.012,0.097,0.008,0.023,0.0010315203856148592
0.001,0.001,0.001,0.001,0.001,0.001,3.695429021169809e-05
0.072,0.032,0.033,0.098,0.032,0.043,0.0091675003146347
0.001,0.001,0.001,0.001,0.001,0.001,1.8025100072091263e-05
0.1685,0.076,0.0795,0.165,0.0885,0.0795,0.027303375226843927
0.001,0.001,0.001,0.001,0.001,0.001,1.2362044713419226e-06
0.007,0.002,0.002,0.011,0.002,0.003,8.292503568337922e-05
0.155,0.043,0.057,0.1945,0.044,0.088,0.01339901691637432
0.001,0.001,0.001,0.002,0.001,0.001,1.4744285677324107e-06
0.002,0.001,0.002,0.003,0.001,0.002,1.63517468338755e-05
0.074,0.016,0.016,0.122,0.014,0.027,0.004185486103086405
0.248,0.114,0.127,0.27,0.117,0.15,0.05270226905210074
0.018,0.007,0.004,0.031,0.01,0.01,0.0018560796643676528
0.3655,0.2765,0.298,0.3985,0.289,0.3185,0.2117052086731027
0.006,0.003,0.003,0.011,0.003,0.005,0.00039796828082632943
0.036,0.023,0.0285,0.051,0.022,0.036,0.006712910660074121
0.001,0.001,0.001,0.004,0.001,0.001,5.0159980970204e-06
0.001,0.001,0.001,0.002,0.001,0.001,5.9789289200648915e-05
0.197,0.085,0.097,0.214,0.083,0.112,0.0274631405185914
0.011,0.002,0.003,0.014,0.002,0.003,6.537525239297757e-05
0.006,0.003,0.004,0.011,0.002,0.007,0.0001294176234204094
0.001,0.001,0.001,0.002,0.001,0.001,9.01045172258903e-08
0.038,0.004,0.011,0.045,0.006,0.023,0.0020208592185848332
0.002,0.001,0.001,0.006,0.001,0.001,1.1809905216294383e-05
0.004,0.001,0.002,0.005,0.001,0.003,1.579920090172407e-05
0.0435,0.007,0.011,0.038,0.008,0.018,0.0010976391770761748
0.3635,0.273,0.276,0.427,0.2725,0.306,0.18211001631726423
0.032,0.009,0.009,0.0455,0.01,0.013,0.0018398159416466782
0.003,0.002,0.002,0.01,0.004,0.002,0.0001647036017199481
0.034,0.02,0.024,0.047,0.021,0.037,0.0023642159151543883
0.046,0.055,0.038,0.061,0.056,0.038,0.023338566799620035
0.003,0.002,0.002,0.004,0.002,0.002,1.0730292207862181e-05
0.028,0.001,0.002,0.024,0.003,0.003,5.4540787794514684e-05
0.002,0.001,0.001,0.003,0.001,0.002,5.180631264920916e-06
0.001,0.001,0.001,0.001,0.001,0.001,3.8664744407958745e-06
0.001,0.001,0.001,0.001,0.001,0.001,5.966271524973806e-07
0.062,0.024,0.025,0.052,0.032,0.023,0.0051145200829325966
0.013,0.004,0.004,0.017,0.004,0.007,0.00030862408524531967
0.011,0.01,0.009,0.021,0.009,0.011,0.0005012833221744252
0.008,0.002,0.001,0.017,0.001,0.003,0.0002884989169915559
0.004,0.002,0.003,0.005,0.001,0.004,4.991093016479325e-06
0.005,0.002,0.001,0.004,0.003,0.001,0.00011722772907136922
0.009,0.005,0.005,0.01,0.005,0.006,0.00019464104354133908
0.084,0.039,0.04,0.0985,0.044,0.057,0.022770597185976047
0.001,0.001,0.001,0.001,0.001,0.001,2.60000458629968e-05
0.001,0.001,0.001,0.002,0.001,0.001,9.287160574801997e-07
0.001,0.002,0.001,0.001,0.002,0.001,1.1965716422573148e-06
0.001,0.001,0.001,0.001,0.001,0.001,3.278839405879923e-06
0.334,0.2215,0.247,0.371,0.2265,0.291,0.1629752571593057
0.018,0.006,0.005,0.032,0.005,0.007,0.0003079401666950615
0.005,0.002,0.002,0.005,0.001,0.002,0.00019726562060294982
0.002,0.001,0.001,0.004,0.001,0.001,1.676112327907617e-05
0.008,0.003,0.004,0.023,0.005,0.007,0.0010229837279828386
0.021,0.01,0.009,0.026,0.012,0.014,0.0010430033743846318
0.015,0.001,0.004,0.025,0.002,0.008,0.0001955986289468838
0.001,0.002,0.002,0.003,0.002,0.002,2.5229171278965893e-05
0.091,0.0775,0.069,0.126,0.0865,0.062,0.029719802003219924
0.002,0.002,0.002,0.003,0.001,0.002,3.6360733804337224e-05
0.004,0.002,0.003,0.009,0.003,0.004,0.0001865922050563584
0.488,0.28,0.437,0.532,0.299,0.499,0.2099518604200118
0.393,0.3485,0.336,0.4215,0.334,0.3715,0.2438181150409291
0.034,0.006,0.005,0.062,0.008,0.01,0.0006727989944853641
0.015,0.009,0.008,0.026,0.01,0.008,0.0009070477977507263
0.048,0.007,0.009,0.067,0.008,0.012,0.001954871972036227
0.01,0.005,0.004,0.008,0.009,0.005,0.000607589936278257
0.056,0.028,0.024,0.063,0.031,0.029,0.006391529263176174
0.002,0.002,0.002,0.006,0.005,0.002,0.00018902586397039726
0.002,0.002,0.002,0.007,0.002,0.002,7.227452783413766e-05
0.052,0.019,0.02,0.077,0.017,0.031,0.005436777462329445
0.1365,0.111,0.1,0.147,0.115,0.1,0.05667109280099431
0.014,0.004,0.006,0.02,0.004,0.01,0.00018876329021232555
0.002,0.002,0.002,0.007,0.002,0.002,5.2313197056724744e-05
0.006,0.005,0.007,0.011,0.007,0.006,0.0004893673071827251
0.004,0.004,0.003,0.002,0.005,0.002,0.00019592842566108193
0.001,0.002,0.002,0.005,0.002,0.002,1.4922784602568502e-05
0.001,0.001,0.001,0.002,0.001,0.001,1.5776237992797413e-06
0.016,0.004,0.004,0.016,0.006,0.004,0.0005319302804226128
0.002,0.001,0.001,0.002,0.001,0.001,1.2263345420008173e-05
0.085,0.025,0.029,0.1005,0.029,0.043,0.005560181415352673
0.011,0.007,0.006,0.018,0.006,0.007,0.00037840106575793176
0.011,0.004,0.006,0.017,0.003,0.01,0.000508049018738346
0.001,0.001,0.001,0.001,0.001,0.001,1.257766453349879e-05
0.004,0.002,0.002,0.008,0.002,0.005,0.00016209441778555701
0.001,0.001,0.001,0.004,0.001,0.001,2.0307426973991483e-05
0.023,0.002,0.004,0.017,0.006,0.007,0.001639184861499555
0.003,0.002,0.003,0.002,0.002,0.003,3.62980970030682e-05
0.04,0.022,0.015,0.034,0.041,0.016,0.008428257492773842
0.1875,0.0525,0.06,0.248,0.049,0.085,0.015553708504835602
0.001,0.001,0.001,0.002,0.001,0.001,3.155442018695944e-06
0.006,0.001,0.001,0.01,0.001,0.001,6.044605905262511e-05
0.021,0.013,0.013,0.036,0.015,0.0145,0.0037455099418258527
0.017,0.005,0.006,0.014,0.004,0.007,0.0005357989573289197
0.001,0.001,0.001,0.001,0.001,0.001,1.4989285821283266e-08
0.033,0.019,0.024,0.0805,0.018,0.037,0.0024005275138364417
0.008,0.003,0.003,0.013,0.004,0.003,0.0005442733770596252
0.057,0.02,0.015,0.074,0.0285,0.015,0.005293961748080528
0.2335,0.0915,0.1125,0.257,0.103,0.15,0.03767494818229098
0.005,0.003,0.002,0.005,0.003,0.001,2.739904127612077e-05
0.002,0.001,0.001,0.005,0.001,0.001,3.94517273428324e-05
0.257,0.062,0.078,0.2655,0.067,0.102,0.01896245949521349
0.009,0.003,0.003,0.01,0.003,0.004,6.426429927348381e-05
0.003,0.002,0.003,0.007,0.002,0.005,5.378898349634915e-05
0.013,0.009,0.002,0.012,0.012,0.001,0.0016321994934570957
0.013,0.003,0.005,0.021,0.004,0.005,0.00018890640770622693
0.26,0.142,0.164,0.292,0.1425,0.205,0.08638867044078576
0.001,0.001,0.001,0.004,0.001,0.002,4.136212551520249e-06
0.025,0.002,0.006,0.035,0.003,0.012,0.0004238787272875894
0.002,0.001,0.001,0.002,0.001,0.001,1.6195611334157762e-05
0.018,0.008,0.009,0.037,0.007,0.012,0.0004814805581923821
0.011,0.006,0.007,0.011,0.006,0.008,0.00037207695370936646
0.008,0.003,0.006,0.013,0.003,0.008,0.0002795962733997763
0.033,0.021,0.023,0.034,0.029,0.02,0.006996544348255632
0.019,0.005,0.006,0.025,0.006,0.009,0.0006208294738824945
0.015,0.017,0.009,0.013,0.023,0.006,0.004343333024403032
0.365,0.303,0.2775,0.357,0.404,0.265,0.24176105660455413
0.069,0.005,0.011,0.0785,0.004,0.017,0.0007740457000954863
0.111,0.089,0.08,0.124,0.09,0.089,0.0432953505709777
0.139,0.037,0.068,0.172,0.035,0.0945,0.01565403180702494
0.009,0.01,0.008,0.008,0.011,0.007,0.00038947201222936067
0.026,0.025,0.018,0.023,0.023,0.024,0.006389652428726223
0.005,0.003,0.002,0.004,0.002,0.003,3.119117896922634e-05
0.001,0.001,0.001,0.006,0.001,0.002,4.583811496328487e-05
0.031,0.012,0.011,0.036,0.008,0.018,0.0009647102006439135
0.001,0.001,0.001,0.002,0.001,0.001,6.698461570445023e-07
0.001,0.001,0.001,0.001,0.001,0.001,1.3560473048390313e-06
0.006,0.002,0.002,0.007,0.002,0.003,0.0001728557107876651
0.024,0.012,0.011,0.034,0.013,0.014,0.0024709771775855275
0.354,0.339,0.3675,0.369,0.376,0.3675,0.2522567422941152
0.001,0.001,0.001,0.001,0.001,0.001,5.316319123705484e-08
0.035,0.015,0.019,0.052,0.014,0.029,0.0021295087711482195
0.006,0.001,0.001,0.011,0.001,0.005,0.0001265104442818506
0.0525,0.064,0.0505,0.05,0.088,0.042,0.025181224356737718
0.009,0.025,0.013,0.007,0.04,0.008,0.007670946796098533
0.001,0.001,0.001,0.001,0.001,0.001,1.233435227177267e-06
0.006,0.004,0.005,0.017,0.005,0.006,0.000438472726340584
0.027,0.013,0.012,0.032,0.021,0.016,0.004734221700434468
0.002,0.001,0.001,0.002,0.001,0.001,1.8625519955426034e-05
0.006,0.002,0.003,0.019,0.004,0.005,0.0001922189537767766
0.007,0.003,0.004,0.014,0.003,0.004,0.0003269338460047086
0.001,0.001,0.001,0.001,0.001,0.001,1.608262111323881e-07
0.024,0.008,0.008,0.03,0.008,0.009,0.0006355286922604689
0.021,0.01,0.009,0.032,0.01,0.01,0.0010591802096832988
0.02,0.014,0.019,0.032,0.016,0.024,0.0026849216681845696
0.004,0.001,0.001,0.002,0.001,0.002,1.8364306876001905e-06
0.078,0.044,0.036,0.076,0.053,0.04,0.01574817126640727
0.003,0.001,0.001,0.003,0.002,0.001,7.289269207051975e-05
0.001,0.001,0.001,0.001,0.001,0.001,1.3342332427052015e-08
0.001,0.001,0.001,0.002,0.002,0.001,5.2741894717889175e-05
0.225,0.132,0.1525,0.249,0.139,0.1735,0.07824714936855358
0.014,0.009,0.006,0.018,0.011,0.008,0.001861072465321313
0.138,0.091,0.087,0.132,0.107,0.092,0.04214084053897014
0.108,0.0395,0.05,0.131,0.05,0.063,0.010671856834393185
0.111,0.05,0.058,0.158,0.057,0.07,0.019999547299377148
0.019,0.004,0.004,0.028,0.007,0.006,0.0007707694726341183
0.006,0.001,0.003,0.008,0.002,0.003,0.00018275982413864343
0.006,0.001,0.002,0.011,0.001,0.003,1.196492798529443e-05
0.011,0.001,0.002,0.015,0.002,0.005,2.1283485206857043e-05
0.011,0.006,0.007,0.013,0.004,0.007,0.00036214477251478224
0.009,0.003,0.003,0.012,0.003,0.002,3.701144955393546e-05
0.002,0.001,0.001,0.002,0.001,0.001,3.942724039952668e-07
0.022,0.004,0.006,0.017,0.008,0.011,0.000848726701395372
0.056,0.002,0.004,0.064,0.002,0.01,0.0001413134138687114
0.071,0.015,0.016,0.068,0.019,0.015,0.0032306814318262054
0.002,0.002,0.002,0.002,0.002,0.002,6.540499895343128e-07
0.004,0.002,0.002,0.003,0.002,0.003,0.00011566218278101636
0.002,0.002,0.002,0.003,0.002,0.002,3.156143923132198e-06
0.005,0.001,0.001,0.006,0.001,0.001,1.5536347380617654e-05
0.132,0.02,0.025,0.18,0.026,0.051,0.006592224937972804
0.004,0.003,0.003,0.003,0.003,0.003,3.666541642240373e-05
0.004,0.002,0.002,0.005,0.002,0.002,4.440844515032818e-05
0.09,0.0355,0.042,0.1145,0.036,0.058,0.010321921811864226
0.005,0.002,0.002,0.005,0.002,0.002,7.175154032731235e-05
0.006,0.002,0.003,0.005,0.003,0.004,0.0010867107439104333
0.089,0.02,0.022,0.116,0.024,0.036,0.006426025094403674
0.007,0.002,0.002,0.013,0.002,0.005,0.00024066606970326847
0.001,0.001,0.001,0.004,0.001,0.002,2.2395147621781818e-05
0.0295,0.011,0.015,0.035,0.012,0.019,0.000866655457894812
0.451,0.21,0.224,0.508,0.2025,0.266,0.1319254504118798
0.006,0.003,0.004,0.011,0.004,0.004,0.00042343402075210445
0.081,0.039,0.039,0.117,0.039,0.058,0.010827781185020308
0.018,0.009,0.006,0.022,0.011,0.007,0.0006865893685256879
0.031,0.024,0.021,0.043,0.031,0.021,0.006837973449645532
0.022,0.009,0.01,0.033,0.006,0.013,0.001527502853992098
0.004,0.002,0.002,0.004,0.002,0.002,3.550625707703463e-05
0.007,0.005,0.005,0.006,0.004,0.004,0.00019334242612578263
0.002,0.001,0.001,0.003,0.001,0.001,5.516106149572633e-06
0.623,0.461,0.5415,0.5945,0.494,0.556,0.38456060251280744
0.001,0.003,0.002,0.002,0.003,0.003,6.707098483429049e-06
0.012,0.004,0.003,0.013,0.006,0.003,0.0006718248708879974
0.065,0.036,0.042,0.084,0.035,0.047,0.006947682466195173
0.1225,0.064,0.067,0.1515,0.062,0.077,0.029009021218896966
0.006,0.005,0.005,0.01,0.005,0.005,0.00014411890110414745
0.006,0.001,0.002,0.008,0.001,0.002,7.422463189355911e-05
0.001,0.001,0.001,0.001,0.001,0.001,6.5173254850827605e-06
0.044,0.006,0.013,0.058,0.008,0.017,0.0012298991076412976
0.06,0.031,0.036,0.071,0.031,0.045,0.007207698380353979
0.002,0.002,0.001,0.004,0.002,0.001,5.545806858716929e-05
0.006,0.007,0.007,0.006,0.005,0.007,0.00013042264488152488
0.009,0.002,0.003,0.022,0.004,0.004,0.0004817412846439851
0.026,0.003,0.005,0.0355,0.003,0.008,0.00031677754291442145
0.01,0.005,0.005,0.01,0.008,0.007,0.0004665072330205668
0.001,0.002,0.001,0.002,0.002,0.001,1.3953073056904959e-05
0.03,0.011,0.014,0.044,0.012,0.019,0.003112081239343306
0.177,0.048,0.091,0.215,0.054,0.132,0.02037459310658639
0.014,0.006,0.006,0.018,0.005,0.008,0.0008954799281537184
0.071,0.015,0.019,0.071,0.017,0.034,0.002541297778579022
0.026,0.02,0.0165,0.048,0.022,0.02,0.0048983318120056915
0.001,0.003,0.001,0.002,0.003,0.001,4.490598415248374e-05
0.099,0.039,0.039,0.1285,0.043,0.048,0.010019546560983151
0.012,0.001,0.001,0.017,0.001,0.002,8.503022083155431e-05
0.01,0.002,0.002,0.012,0.002,0.003,0.00019003398755916735
0.007,0.001,0.001,0.01,0.001,0.003,3.697076073907112e-05
0.005,0.001,0.001,0.006,0.001,0.001,3.385581288820526e-05
0.002,0.001,0.001,0.002,0.001,0.001,1.043441703726648e-05
0.054,0.007,0.013,0.049,0.008,0.025,0.001105453012635915
0.034,0.028,0.021,0.039,0.042,0.02,0.00876836956852045
0.057,0.054,0.054,0.049,0.059,0.054,0.015029698258779168
0.031,0.002,0.003,0.031,0.002,0.01,0.00020041851587750294
0.003,0.001,0.001,0.001,0.001,0.001,7.386390000331357e-05
0.002,0.002,0.002,0.003,0.002,0.002,3.7250239036350444e-05
0.002,0.001,0.001,0.003,0.002,0.001,2.016703854687058e-05
0.003,0.001,0.001,0.006,0.001,0.002,0.0001023879899673864
0.048,0.046,0.038,0.051,0.062,0.041,0.01699219795332781
0.001,0.001,0.001,0.001,0.001,0.001,5.668538334425528e-06
0.036,0.018,0.019,0.036,0.018,0.024,0.0041452643933827405
0.002,0.003,0.001,0.003,0.003,0.001,7.75797981538839e-05
0.1175,0.039,0.042,0.132,0.039,0.053,0.010580281167046894
0.004,0.005,0.003,0.009,0.005,0.004,0.0013187037688377626
0.014,0.005,0.005,0.02,0.007,0.006,0.0005180343295308822
0.111,0.063,0.05,0.146,0.062,0.061,0.01756921528977441
0.154,0.123,0.118,0.21,0.112,0.127,0.06486816047038756
0.053,0.015,0.018,0.0665,0.019,0.022,0.003312734675852016
0.016,0.007,0.005,0.02,0.016,0.006,0.0016152635308317768
0.004,0.002,0.002,0.004,0.003,0.002,2.5127901647804608e-05
0.082,0.02,0.023,0.096,0.021,0.032,0.0055908186996704015
0.001,0.001,0.001,0.002,0.001,0.001,3.2392328714412243e-06
0.015,0.005,0.005,0.026,0.005,0.008,0.00039539969882800886
0.003,0.002,0.002,0.003,0.002,0.002,6.160369740809502e-05
0.003,0.001,0.001,0.004,0.001,0.002,3.251936459266205e-05
0.4615,0.5005,0.4865,0.487,0.518,0.4615,0.42559032310471856
0.015,0.004,0.003,0.017,0.006,0.006,0.0003173061265497062
0.015,0.009,0.01,0.025,0.008,0.014,0.0009340130987818784
0.038,0.006,0.014,0.051,0.009,0.018,0.0008569727655808373
0.001,0.001,0.001,0.002,0.001,0.001,1.8067976617872146e-05
0.028,0.0125,0.012,0.032,0.012,0.016,0.0016945648435759033
0.01,0.002,0.002,0.02,0.002,0.004,8.301342483976683e-05
0.023,0.004,0.004,0.043,0.004,0.005,0.00020056562828555026
0.1955,0.07,0.08,0.223,0.108,0.098,0.03979077009508179
0.002,0.001,0.001,0.002,0.002,0.001,2.4816548350510138e-05
0.008,0.003,0.005,0.01,0.004,0.005,0.00020890457216244206
0.069,0.013,0.023,0.096,0.014,0.035,0.0022582445584103644
0.1095,0.045,0.042,0.113,0.051,0.047,0.015599166638810346
0.003,0.001,0.001,0.004,0.001,0.003,3.70670994362032e-05
0.003,0.001,0.001,0.005,0.001,0.004,1.4759892865557533e-05
0.004,0.001,0.002,0.004,0.002,0.004,5.9879131960780635e-05
0.001,0.001,0.001,0.001,0.001,0.001,3.243824953874901e-06
0.519,0.3505,0.369,0.4805,0.3755,0.382,0.27128496595962226
0.031,0.003,0.006,0.03,0.005,0.013,9.139772762480423e-05
0.002,0.001,0.001,0.001,0.001,0.001,1.375606616416189e-06
0.001,0.001,0.001,0.001,0.001,0.001,2.058343574253552e-06
0.001,0.001,0.001,0.002,0.001,0.001,4.119145698896302e-07
0.071,0.02,0.027,0.107,0.021,0.045,0.003560807360369615
0.212,0.0565,0.074,0.265,0.06,0.121,0.018894993553425415
0.005,0.003,0.004,0.016,0.003,0.006,0.00034430881502043215
0.024,0.009,0.01,0.049,0.013,0.013,0.003474885412487706
0.001,0.001,0.001,0.001,0.001,0.001,1.9255023207800305e-06
0.013,0.003,0.004,0.015,0.004,0.005,0.00019603866147947674
0.007,0.004,0.004,0.01,0.004,0.005,9.606127745850883e-05
0.002,0.001,0.001,0.001,0.001,0.001,8.581458270390685e-07
0.018,0.015,0.011,0.022,0.016,0.016,0.0035648439007221464
0.01,0.002,0.002,0.015,0.003,0.007,0.00071662009668153
0.04,0.008,0.012,0.051,0.009,0.022,0.0006955321587684566
0.12,0.02,0.023,0.145,0.019,0.041,0.006753860603802803
0.016,0.01,0.009,0.029,0.013,0.009,0.0011804726277800934
0.001,0.001,0.001,0.001,0.001,0.001,8.388384888995124e-06
0.07,0.007,0.013,0.0735,0.008,0.027,0.0009078274509493316
0.01,0.003,0.005,0.014,0.004,0.005,0.00020463469316047632
0.021,0.004,0.004,0.02,0.005,0.006,0.00018612795672748734
0.005,0.002,0.002,0.009,0.002,0.004,3.307200408385568e-05
0.016,0.011,0.008,0.016,0.011,0.01,0.0010750939455961754
0.004,0.002,0.002,0.005,0.002,0.001,9.071637973564095e-06
0.028,0.013,0.016,0.028,0.015,0.019,0.003823582823973048
0.248,0.12,0.156,0.329,0.118,0.1945,0.07611363895696145
0.002,0.001,0.001,0.007,0.001,0.001,0.00013554283271843896
0.001,0.001,0.001,0.001,0.001,0.001,4.60589258890807e-08
0.658,0.6735,0.696,0.6585,0.6165,0.7045,0.7138420301189633
0.026,0.019,0.022,0.045,0.02,0.029,0.005163888832626557
0.012,0.016,0.012,0.018,0.016,0.013,0.002630878185279112
0.002,0.003,0.003,0.002,0.004,0.002,0.00017926510732627128
0.032,0.011,0.012,0.044,0.012,0.015,0.0018108416639330649
0.018,0.005,0.008,0.023,0.006,0.013,0.0004447732897239225
0.112,0.036,0.041,0.123,0.036,0.053,0.008323476620406561
0.008,0.005,0.005,0.017,0.006,0.008,0.00035067606110984203
0.037,0.014,0.014,0.041,0.014,0.016,0.0020617421517880583
0.024,0.026,0.018,0.033,0.033,0.015,0.012394980244260782
0.039,0.019,0.019,0.054,0.018,0.022,0.004633421907349621
0.002,0.001,0.002,0.009,0.001,0.002,3.9971665724994866e-05
0.008,0.001,0.003,0.009,0.001,0.002,6.306942900549766e-05
0.002,0.003,0.004,0.001,0.003,0.003,0.00012185594447706805
0.006,0.002,0.002,0.007,0.002,0.003,4.518024024994062e-05
0.018,0.0085,0.009,0.019,0.011,0.01,0.001422371955320596
0.003,0.001,0.001,0.004,0.001,0.002,4.565357429272749e-06
0.012,0.007,0.006,0.016,0.009,0.004,0.0007867051198338158
0.024,0.023,0.018,0.033,0.024,0.022,0.006058711725321428
0.001,0.001,0.001,0.001,0.001,0.001,2.3691998970032086e-05
0.031,0.016,0.016,0.037,0.015,0.023,0.001730139273902197
0.006,0.002,0.002,0.009,0.002,0.002,0.00020373506569002815
0.007,0.006,0.005,0.013,0.006,0.005,0.00030926928573344703
0.012,0.004,0.004,0.018,0.004,0.006,9.691599448558624e-05
0.032,0.008,0.01,0.026,0.01,0.015,0.000921130490050231
0.007,0.004,0.006,0.006,0.005,0.006,0.00011680905734084183
0.007,0.003,0.004,0.012,0.004,0.008,0.0004089279696489951
0.001,0.001,0.001,0.001,0.001,0.001,1.0355108549713195e-07
0.022,0.014,0.014,0.032,0.015,0.013,0.0020293200451500038
0.007,0.007,0.005,0.008,0.005,0.005,0.0004196434300483666
0.002,0.001,0.001,0.003,0.002,0.001,1.6494077027201032e-05
0.019,0.005,0.006,0.032,0.004,0.007,0.00037625447888407423
0.008,0.004,0.006,0.006,0.004,0.005,0.00010723696852595738
0.001,0.002,0.001,0.001,0.002,0.001,8.673130102582209e-06
0.218,0.117,0.147,0.2445,0.146,0.156,0.06074578263184718
0.039,0.031,0.026,0.045,0.028,0.026,0.007945592643988928
0.001,0.001,0.001,0.001,0.001,0.001,2.348594648755032e-06
0.073,0.032,0.033,0.091,0.033,0.036,0.00886877357414435
0.096,0.006,0.008,0.099,0.006,0.019,0.0008849152518197741
0.029,0.005,0.01,0.038,0.006,0.014,0.00029401595479337117
0.006,0.006,0.005,0.009,0.009,0.004,0.00040546775402393705
0.001,0.001,0.001,0.002,0.001,0.001,5.2189094068757115e-06
0.018,0.011,0.015,0.038,0.007,0.017,0.002143942338620304
0.031,0.0215,0.019,0.043,0.021,0.029,0.005788729962197496
0.001,0.001,0.001,0.001,0.001,0.001,4.334030135844701e-08
0.003,0.004,0.003,0.003,0.004,0.003,0.00014213126998503854
0.001,0.001,0.001,0.004,0.002,0.002,6.338303492812875e-05
0.1355,0.0675,0.077,0.153,0.064,0.1065,0.027374280887631896
0.031,0.007,0.011,0.036,0.008,0.012,0.0014596074724945597
0.021,0.006,0.004,0.027,0.007,0.009,0.00041763817950221476
0.008,0.002,0.003,0.011,0.002,0.005,5.4085039332748363e-05
0.118,0.051,0.052,0.148,0.048,0.064,0.01921282230731548
0.25,0.102,0.119,0.311,0.102,0.152,0.0535089752252011
0.108,0.048,0.0525,0.1065,0.055,0.062,0.020396888395228005
0.002,0.002,0.002,0.002,0.003,0.002,6.890243818643523e-05
0.05,0.025,0.021,0.064,0.026,0.026,0.004362445135996845
0.067,0.037,0.041,0.093,0.037,0.046,0.010620535129431995
0.012,0.003,0.003,0.017,0.0035,0.006,0.0003393700047423723
0.209,0.062,0.073,0.245,0.061,0.098,0.02390343150873009
0.004,0.003,0.001,0.004,0.004,0.001,0.00027501230072114123
0.057,0.013,0.018,0.0735,0.015,0.0315,0.0028773976614849045
0.125,0.046,0.049,0.185,0.038,0.072,0.015527511310261779
0.0705,0.012,0.013,0.07,0.025,0.026,0.002972596010113915
0.001,0.003,0.002,0.001,0.003,0.001,0.00020788083109832297
0.001,0.001,0.001,0.002,0.001,0.001,5.1842183908473255e-06
0.003,0.008,0.005,0.005,0.011,0.003,0.00144990702722953
0.002,0.001,0.001,0.001,0.001,0.001,3.091526182210775e-06
0.0825,0.061,0.065,0.107,0.064,0.077,0.023579909731310696
0.002,0.001,0.001,0.001,0.001,0.001,2.1498073641660513e-06
0.001,0.001,0.001,0.001,0.001,0.001,3.702589939670916e-07
0.013,0.014,0.01,0.021,0.015,0.01,0.0011528798425961425
0.084,0.015,0.019,0.084,0.023,0.023,0.004192013833176885
0.211,0.1375,0.1665,0.228,0.147,0.1815,0.059203866291969214
0.007,0.001,0.001,0.017,0.001,0.003,2.4683819987854537e-05
0.056,0.009,0.02,0.08,0.009,0.028,0.0015490193281070465
0.014,0.01,0.006,0.012,0.017,0.003,0.002292636293134272
0.067,0.042,0.047,0.0835,0.038,0.053,0.01144101656945414
0.004,0.002,0.002,0.004,0.003,0.002,0.00027484251283081224
0.101,0.078,0.081,0.132,0.09,0.091,0.03310952609906421
0.395,0.142,0.171,0.3895,0.149,0.2225,0.08319166225919894
0.005,0.003,0.003,0.006,0.004,0.004,9.914719530685767e-05
0.018,0.003,0.005,0.036,0.005,0.01,0.000490684623118279
0.043,0.011,0.015,0.079,0.0105,0.023,0.002496559437625159
0.507,0.5965,0.578,0.518,0.5525,0.559,0.5560060023461841
0.013,0.005,0.005,0.018,0.005,0.005,0.0003455525462892198
0.003,0.001,0.001,0.005,0.001,0.001,1.1622308361187506e-05
0.001,0.001,0.001,0.001,0.001,0.001,3.3001776057394447e-06
0.001,0.001,0.001,0.001,0.001,0.001,8.163616165954521e-07
0.017,0.004,0.004,0.022,0.005,0.008,0.000776136731186826
0.015,0.002,0.003,0.016,0.004,0.005,0.00015246262790063572
0.011,0.001,0.002,0.012,0.002,0.003,0.00014634766790166988
0.01,0.001,0.001,0.009,0.001,0.001,3.296040799305707e-05
0.008,0.003,0.005,0.011,0.004,0.007,0.0002429004936856467
0.002,0.001,0.001,0.003,0.001,0.002,1.2689952854674434e-06
0.0365,0.011,0.012,0.07,0.014,0.019,0.003275736316057876
0.125,0.062,0.057,0.139,0.066,0.06,0.019470820563284072
0.006,0.003,0.003,0.011,0.002,0.004,2.6805328720361612e-05
0.023,0.008,0.007,0.025,0.008,0.006,0.0005358546971263867
0.018,0.003,0.005,0.032,0.003,0.009,0.0002995623514629459
0.076,0.069,0.052,0.087,0.069,0.055,0.02069839404625406
0.28,0.14,0.1535,0.2985,0.145,0.181,0.07773060658109264
0.015,0.004,0.002,0.026,0.008,0.003,0.0017164855475971014
0.01,0.003,0.004,0.021,0.003,0.008,0.0004429956381905141
0.048,0.013,0.024,0.054,0.014,0.031,0.0023332102562369154
0.026,0.005,0.009,0.041,0.006,0.017,0.00035427486540801225
0.005,0.007,0.008,0.008,0.005,0.007,0.00019313820625648355
0.001,0.001,0.001,0.001,0.001,0.001,4.0613723848562956e-05
0.001,0.001,0.001,0.001,0.001,0.001,3.947727873647816e-06
0.003,0.002,0.002,0.004,0.002,0.002,0.00021208813972604278
0.035,0.035,0.025,0.035,0.039,0.025,0.012308282231435647
0.001,0.001,0.002,0.004,0.001,0.002,2.095891700626029e-05
0.006,0.003,0.003,0.008,0.003,0.004,3.0197761338310476e-05
0.003,0.002,0.002,0.008,0.002,0.003,7.936975862388594e-05
0.002,0.001,0.001,0.003,0.001,0.001,2.3731688074991448e-05
0.4245,0.3145,0.314,0.429,0.339,0.32,0.21771312694909184
0.1555,0.03,0.046,0.1805,0.023,0.078,0.007790543501948349
0.06,0.025,0.025,0.087,0.022,0.034,0.004874526177525828
0.002,0.001,0.001,0.002,0.001,0.001,3.2313305276475017e-07
0.014,0.013,0.016,0.013,0.02,0.015,0.0028190868943673434
0.053,0.019,0.018,0.06,0.021,0.019,0.005034955469706969
0.006,0.003,0.003,0.008,0.001,0.004,0.00014711918013724426
0.001,0.001,0.001,0.001,0.001,0.001,4.547307271699026e-08
0.015,0.003,0.003,0.023,0.004,0.009,0.00025846786767096396
0.024,0.017,0.014,0.029,0.015,0.014,0.0012202675259960366
0.001,0.001,0.001,0.001,0.001,0.001,5.061224624855682e-09
0.052,0.028,0.03,0.061,0.028,0.034,0.00891671134247869
0.006,0.002,0.002,0.006,0.002,0.002,6.644207956182695e-05
0.005,0.002,0.002,0.005,0.002,0.003,8.93926147933319e-05
0.035,0.011,0.012,0.054,0.009,0.021,0.002028500324387856
0.005,0.002,0.002,0.005,0.003,0.005,9.789071649712826e-05
0.027,0.004,0.004,0.04,0.004,0.009,0.0006161170820192143
0.002,0.001,0.001,0.005,0.001,0.001,0.00017725246556350217
0.021,0.004,0.005,0.037,0.004,0.006,0.0001703790671701443
0.003,0.003,0.001,0.005,0.003,0.001,0.00020353656133302188
0.008,0.009,0.009,0.012,0.01,0.005,0.0015796069223720647
0.2435,0.093,0.139,0.32,0.098,0.182,0.04357009714197548
0.053,0.041,0.041,0.054,0.062,0.039,0.020665876064846052
0.018,0.003,0.005,0.031,0.003,0.008,9.17697327707559e-05
0.01,0.004,0.007,0.013,0.004,0.011,0.0007715240942361039
0.005,0.001,0.003,0.007,0.002,0.004,0.00014413063009890897
0.002,0.003,0.002,0.002,0.003,0.002,8.24347042438344e-06
0.002,0.001,0.001,0.003,0.002,0.001,3.2265481695019577e-06
0.003,0.001,0.001,0.001,0.001,0.001,5.613309960785292e-06
0.091,0.075,0.053,0.105,0.079,0.058,0.03916875409443053
0.009,0.002,0.002,0.017,0.002,0.005,9.833788938538236e-05
0.1295,0.107,0.09,0.1625,0.11,0.097,0.0572573008845973
0.156,0.036,0.049,0.161,0.039,0.068,0.013967481292505059
0.039,0.014,0.018,0.05,0.013,0.026,0.005416716801903971
0.002,0.002,0.002,0.003,0.002,0.002,1.0830980124592858e-05
0.001,0.001,0.001,0.001,0.001,0.001,2.8101268939162416e-07
0.013,0.011,0.01,0.017,0.019,0.009,0.0016176635404899168
0.025,0.012,0.012,0.028,0.014,0.017,0.0017635236682869344
0.004,0.001,0.001,0.006,0.001,0.002,3.537417092176047e-06
0.002,0.001,0.001,0.009,0.001,0.001,1.5009096536704186e-05
0.257,0.088,0.11,0.2685,0.099,0.144,0.034860343133015864
0.027,0.022,0.02,0.034,0.023,0.022,0.0029393081521626673
0.09,0.054,0.055,0.121,0.057,0.0715,0.019056657342747967
0.004,0.01,0.007,0.003,0.025,0.003,0.0025563949819272782
0.003,0.001,0.001,0.007,0.001,0.001,5.724712680924314e-05
0.0225,0.004,0.006,0.022,0.004,0.007,0.00026839924076063105
0.006,0.004,0.003,0.006,0.006,0.003,0.00015568390603274478
0.159,0.079,0.0855,0.169,0.091,0.099,0.03562630120353026
0.002,0.002,0.002,0.002,0.002,0.001,9.461203958899987e-06
0.08,0.024,0.033,0.087,0.03,0.04,0.006506511609529125
0.025,0.012,0.011,0.038,0.013,0.011,0.0024171200733719062
0.003,0.001,0.001,0.003,0.001,0.001,0.0001548147343410076
0.163,0.038,0.044,0.154,0.047,0.06,0.009071296435153111
0.001,0.001,0.001,0.001,0.001,0.001,9.521219015418923e-09
0.051,0.009,0.009,0.057,0.008,0.018,0.0013478911679878451
0.002,0.001,0.001,0.002,0.001,0.001,3.9674149813432615e-05
0.008,0.004,0.003,0.009,0.005,0.005,0.0006607502331080131
0.002,0.001,0.001,0.004,0.001,0.001,3.824481832674238e-06
0.064,0.008,0.012,0.07,0.01,0.02,0.0017469253039934648
0.001,0.001,0.001,0.001,0.001,0.001,2.792172161685153e-09
0.075,0.038,0.039,0.094,0.042,0.042,0.00983265640061211
0.047,0.013,0.011,0.053,0.015,0.014,0.0026529017132847985
0.023,0.024,0.022,0.026,0.021,0.022,0.005157009492166868
0.038,0.012,0.014,0.056,0.014,0.02,0.0022479501454230094
0.062,0.016,0.02,0.082,0.014,0.025,0.002772627475427449
0.001,0.001,0.001,0.001,0.001,0.001,1.1011357787812616e-06
0.001,0.001,0.001,0.001,0.001,0.001,5.343668677795286e-06
0.002,0.001,0.001,0.003,0.002,0.002,1.7180332017028408e-05
0.009,0.004,0.004,0.014,0.006,0.006,0.0013570432382489937
0.001,0.001,0.001,0.001,0.001,0.001,2.3100368983157286e-08
0.005,0.006,0.003,0.007,0.008,0.003,0.0012073136703076358
0.001,0.001,0.001,0.001,0.001,0.001,1.4524734259134246e-06
0.001,0.001,0.001,0.001,0.002,0.001,2.3808408493560165e-05
0.001,0.001,0.001,0.001,0.001,0.001,1.6251748137728313e-05
0.011,0.006,0.007,0.012,0.004,0.006,0.0003499364754259785
0.001,0.001,0.001,0.001,0.001,0.001,1.940095188587217e-06
0.034,0.01,0.009,0.039,0.01,0.013,0.0020614961722314105
0.001,0.001,0.001,0.001,0.001,0.001,9.268211639484301e-07
0.009,0.002,0.004,0.012,0.004,0.005,0.0002666334768086345
0.271,0.065,0.103,0.345,0.066,0.165,0.03085589496321716
0.052,0.01,0.016,0.064,0.011,0.018,0.0018641326312024446
0.003,0.001,0.001,0.003,0.001,0.001,5.409416628582118e-06
0.001,0.001,0.001,0.001,0.001,0.001,6.142430356469275e-07
0.009,0.005,0.004,0.008,0.006,0.005,0.0011543596738332845
0.157,0.108,0.13,0.167,0.1165,0.137,0.05220550349331718
0.011,0.001,0.003,0.006,0.001,0.003,4.274098022650463e-06
0.006,0.007,0.004,0.005,0.008,0.003,0.0009994174538460454
0.008,0.005,0.004,0.013,0.005,0.005,0.00021668166340835078
0.011,0.004,0.005,0.019,0.007,0.007,0.0007710471656036851
0.004,0.002,0.003,0.004,0.003,0.002,7.784561535587109e-05
0.002,0.001,0.001,0.002,0.001,0.001,3.716559821061802e-06
0.009,0.005,0.006,0.012,0.012,0.003,0.0016261474337037837
0.002,0.001,0.001,0.004,0.001,0.001,1.8775251396985138e-06
0.216,0.18,0.186,0.229,0.215,0.1915,0.08783302316340692
0.009,0.009,0.005,0.006,0.018,0.004,0.0012422397101045262
0.002,0.001,0.001,0.006,0.001,0.001,1.3682761740578344e-06
0.004,0.002,0.003,0.006,0.002,0.003,5.179527556649504e-06
0.022,0.005,0.004,0.04,0.005,0.006,0.0006418837085538319
0.006,0.002,0.002,0.008,0.004,0.003,0.0005037834438653164
0.003,0.001,0.001,0.004,0.001,0.001,2.5789798599510627e-06
0.006,0.0045,0.005,0.008,0.006,0.006,0.0011373071033472665
0.054,0.002,0.005,0.069,0.002,0.017,0.00020446216683968048
0.009,0.001,0.002,0.012,0.001,0.002,0.00024872559333096394
0.041,0.014,0.015,0.047,0.014,0.018,0.0027177485364019783
0.004,0.001,0.002,0.007,0.001,0.004,6.890884314054477e-05
0.159,0.138,0.125,0.1675,0.1545,0.132,0.0690150344742043
0.175,0.07,0.083,0.244,0.0675,0.125,0.027905264811057068
0.038,0.009,0.014,0.071,0.012,0.017,0.0019581595935323787
0.015,0.0085,0.007,0.013,0.011,0.007,0.001057118081246328
0.003,0.005,0.003,0.003,0.005,0.004,0.00020749390985404616
0.004,0.006,0.004,0.006,0.008,0.004,0.00024628769939796834
0.001,0.001,0.001,0.001,0.001,0.001,1.643198425236166e-08
0.084,0.078,0.06,0.086,0.102,0.056,0.03182931207311526
0.1205,0.044,0.056,0.152,0.047,0.072,0.016891126179076524
0.003,0.001,0.001,0.003,0.001,0.003,3.4958739005027704e-05
0.015,0.006,0.009,0.035,0.005,0.015,0.0009472883007928114
0.004,0.002,0.002,0.007,0.001,0.002,0.00013418173228660013
0.003,0.002,0.002,0.003,0.002,0.002,1.0489271688617852e-05
0.017,0.015,0.009,0.035,0.017,0.012,0.004773066334631526
0.007,0.001,0.001,0.011,0.001,0.002,4.208927648270624e-06
0.017,0.005,0.005,0.025,0.005,0.006,0.0005502632006872633
0.001,0.001,0.001,0.001,0.001,0.001,5.225096271865753e-07
0.042,0.005,0.007,0.069,0.006,0.017,0.000837239077763297
0.127,0.113,0.0945,0.181,0.111,0.108,0.05626825190104843
0.003,0.001,0.001,0.004,0.002,0.002,4.1822932875171785e-05
0.048,0.017,0.021,0.059,0.017,0.028,0.004686001168501263
0.001,0.001,0.001,0.003,0.001,0.001,5.2819124759806426e-05
0.051,0.029,0.021,0.049,0.034,0.022,0.006330238592820656
0.234,0.159,0.155,0.246,0.188,0.1705,0.08891884139592106
0.048,0.016,0.017,0.058,0.02,0.024,0.004102835726593136
0.3225,0.1545,0.169,0.394,0.162,0.224,0.09154936504346983
0.003,0.001,0.001,0.004,0.001,0.002,0.00021742278991045022
0.04,0.033,0.043,0.063,0.03,0.049,0.011118804428059023
0.031,0.008,0.012,0.037,0.007,0.018,0.0006464547629429424
0.006,0.004,0.004,0.005,0.004,0.004,5.5824896430725175e-05
0.027,0.007,0.008,0.051,0.007,0.011,0.0019265008720974507
0.004,0.001,0.001,0.004,0.001,0.001,1.0994593052457265e-06
0.003,0.001,0.001,0.005,0.001,0.001,6.240705656544752e-05
0.103,0.076,0.072,0.121,0.088,0.074,0.03511070458735647
0.077,0.061,0.055,0.107,0.065,0.06,0.02523048876694149
0.075,0.03,0.03,0.072,0.052,0.034,0.014259083447433877
0.066,0.022,0.027,0.087,0.024,0.039,0.004878219816521045
0.018,0.006,0.005,0.034,0.006,0.013,0.0008643034125521094
0.092,0.054,0.05,0.102,0.064,0.058,0.016591028625434844
0.2945,0.211,0.2165,0.264,0.239,0.229,0.13405566035753483
0.006,0.001,0.001,0.011,0.001,0.002,1.641737756114336e-05
0.001,0.001,0.001,0.001,0.001,0.001,4.389542694896254e-07
0.025,0.013,0.014,0.051,0.011,0.02,0.001690555012685013
0.003,0.002,0.002,0.006,0.002,0.001,4.349518437471431e-06
0.065,0.025,0.0205,0.078,0.03,0.026,0.007428224122189072
0.023,0.006,0.01,0.028,0.011,0.016,0.0014737057477214762
0.007,0.002,0.002,0.011,0.002,0.002,4.902441865140259e-05
0.004,0.001,0.001,0.002,0.002,0.001,2.8153477141242152e-05
0.035,0.012,0.015,0.042,0.0155,0.014,0.003820633881285404
0.003,0.001,0.001,0.003,0.001,0.001,3.360636816372598e-06
0.001,0.001,0.001,0.001,0.001,0.001,1.2432427986756326e-08
0.245,0.153,0.154,0.315,0.15,0.177,0.07642972716629917
0.006,0.008,0.005,0.008,0.011,0.006,0.0009671327581297566
0.009,0.018,0.014,0.01,0.024,0.014,0.0036522717559450803
0.094,0.02,0.025,0.14,0.018,0.043,0.008349597630299235
0.005,0.004,0.003,0.008,0.005,0.004,5.343887576611342e-05
0.001,0.001,0.001,0.003,0.001,0.001,1.8900997833908958e-06
0.038,0.023,0.022,0.037,0.0305,0.024,0.004830798240353812
0.002,0.002,0.001,0.001,0.002,0.001,9.063376390174587e-05
0.007,0.005,0.006,0.011,0.005,0.009,0.00043289144748685977
0.04,0.022,0.018,0.054,0.025,0.022,0.006499105156851211
0.001,0.001,0.001,0.001,0.001,0.001,7.33028307741208e-08
0.044,0.011,0.014,0.0665,0.013,0.019,0.0023595743886741763
0.01,0.013,0.015,0.021,0.013,0.012,0.003970327199776199
0.2455,0.3365,0.25,0.195,0.444,0.1805,0.22583728435764638
0.001,0.001,0.001,0.001,0.001,0.001,1.6986425033884637e-07
0.035,0.0075,0.009,0.04,0.006,0.012,0.0007866030270201452
0.004,0.003,0.002,0.007,0.003,0.002,8.314343548678896e-05
0.0115,0.006,0.008,0.018,0.006,0.007,0.0004678566474000919
0.072,0.137,0.089,0.074,0.1685,0.069,0.07508911202160837
0.008,0.008,0.005,0.007,0.016,0.004,0.0007614711100619773
0.003,0.003,0.002,0.007,0.002,0.003,0.0005169608375194034
0.004,0.001,0.001,0.003,0.002,0.001,4.205951538367777e-05
0.035,0.02,0.028,0.061,0.02,0.036,0.0052869895553252794
0.036,0.005,0.011,0.025,0.009,0.013,0.0013524516319425577
0.002,0.001,0.002,0.002,0.001,0.002,6.467953235767568e-06
0.003,0.005,0.003,0.004,0.01,0.002,0.0007961251124026846
0.01,0.005,0.004,0.006,0.006,0.004,0.0004283612141212141
0.014,0.002,0.004,0.016,0.004,0.004,0.00011263505763095239
0.007,0.003,0.005,0.019,0.004,0.007,0.0004322327238023737
0.031,0.029,0.032,0.038,0.036,0.03,0.007721116775590175
0.013,0.009,0.007,0.015,0.011,0.006,0.0011528844260597693
0.028,0.009,0.01,0.042,0.009,0.015,0.00175251938673394
0.049,0.001,0.003,0.063,0.001,0.008,0.0001344558875124313
0.005,0.001,0.002,0.005,0.002,0.002,1.793565624688889e-05
0.004,0.001,0.001,0.004,0.001,0.001,0.0001983221877868858
0.001,0.002,0.001,0.001,0.002,0.001,5.717145483448908e-07
0.01,0.018,0.007,0.011,0.015,0.008,0.0035724938414191036
0.009,0.005,0.007,0.012,0.006,0.009,0.000366395169787585
0.038,0.004,0.007,0.041,0.008,0.01,0.0005708784578037601
0.099,0.059,0.06,0.0985,0.066,0.065,0.02332095614083485
0.097,0.052,0.044,0.1135,0.0445,0.0665,0.020844791932941482
0.007,0.005,0.005,0.01,0.006,0.005,0.0007797719977067968
0.004,0.003,0.003,0.012,0.004,0.004,0.0009965234327299274
0.031,0.027,0.022,0.0285,0.058,0.016,0.00967221821698836
0.05,0.02,0.026,0.06,0.025,0.028,0.003106559295609958
0.011,0.008,0.008,0.011,0.009,0.009,0.0005834157795455413
0.142,0.045,0.062,0.167,0.046,0.087,0.015424355147402913
0.014,0.002,0.003,0.023,0.003,0.005,0.0006883016622908896
0.097,0.055,0.054,0.113,0.065,0.059,0.017431329230652413
0.056,0.009,0.011,0.0735,0.01,0.02,0.0027825293009363437
0.051,0.0115,0.014,0.055,0.015,0.018,0.00316368674552164
0.0215,0.014,0.014,0.032,0.011,0.011,0.002595305942045711
0.024,0.004,0.01,0.047,0.008,0.015,0.0007364412762726481
0.055,0.0085,0.009,0.052,0.008,0.014,0.0010290323583831598
0.005,0.003,0.003,0.005,0.003,0.003,3.810544933580009e-05
0.009,0.004,0.004,0.013,0.003,0.006,0.0005468815832655035
0.01,0.004,0.003,0.016,0.004,0.005,0.00015302689785109673
0.001,0.002,0.001,0.003,0.002,0.001,2.6025213980139328e-05
0.007,0.003,0.004,0.015,0.005,0.004,0.00014573395814172874
0.001,0.001,0.001,0.005,0.001,0.001,6.639245027573682e-06
0.005,0.003,0.002,0.009,0.003,0.003,0.00024437190497607575
0.026,0.009,0.013,0.034,0.009,0.018,0.0006731964749650956
0.001,0.001,0.001,0.002,0.001,0.001,4.958807092617281e-07
0.067,0.01,0.026,0.069,0.0105,0.0405,0.0035119921430387152
0.002,0.001,0.001,0.005,0.001,0.002,1.0459410295707997e-05
0.07,0.072,0.053,0.0685,0.092,0.044,0.03061174177445234
0.039,0.011,0.012,0.055,0.013,0.02,0.0018299611875238929
0.001,0.001,0.001,0.001,0.001,0.001,0.00010977549052717096
0.037,0.006,0.005,0.043,0.004,0.01,0.000757327287269105
0.02,0.014,0.011,0.026,0.014,0.0115,0.0035122197729813513
0.002,0.001,0.001,0.003,0.001,0.001,1.81224370614637e-05
0.219,0.093,0.125,0.258,0.093,0.163,0.03510054377151423
0.03,0.019,0.014,0.037,0.03,0.014,0.005348124210619718
0.023,0.008,0.007,0.035,0.005,0.009,0.002454887031628024
0.054,0.02,0.026,0.067,0.021,0.029,0.005351427590604219
0.755,0.582,0.7375,0.6885,0.651,0.706,0.5756770539718601
0.032,0.013,0.013,0.044,0.015,0.015,0.0015535233361794638
0.002,0.001,0.001,0.002,0.001,0.001,3.1225868815726326e-05
0.03,0.006,0.012,0.044,0.006,0.016,0.0006746374142789592
0.004,0.002,0.002,0.007,0.001,0.003,0.00010577000445360898
0.002,0.001,0.001,0.004,0.001,0.002,2.3294205924546764e-05
0.001,0.001,0.001,0.001,0.001,0.001,1.1861693472637232e-05
0.169,0.099,0.112,0.229,0.103,0.1375,0.05667661834654324
0.124,0.025,0.029,0.143,0.027,0.045,0.004319011066328057
0.01,0.005,0.005,0.018,0.003,0.007,0.000357311280462779
0.012,0.004,0.003,0.009,0.005,0.005,0.00018879476365654102
0.005,0.002,0.001,0.005,0.003,0.001,0.00011387449925469138
0.004,0.001,0.001,0.017,0.001,0.004,9.88042279105478e-05
0.006,0.002,0.003,0.009,0.001,0.003,0.00013376463697621743
0.003,0.001,0.002,0.006,0.004,0.002,0.0002816996534886009
0.002,0.001,0.001,0.004,0.001,0.001,5.586207470596533e-05
0.009,0.001,0.002,0.011,0.002,0.004,0.0009035955834427597
0.014,0.003,0.004,0.025,0.002,0.005,0.0007946397059452065
0.057,0.026,0.029,0.055,0.031,0.039,0.008273499786237697
0.004,0.002,0.003,0.005,0.002,0.003,4.0203533627505344e-05
0.027,0.009,0.013,0.044,0.009,0.017,0.0020056757755642063
0.001,0.001,0.001,0.001,0.001,0.001,5.426784059228653e-09
0.0495,0.027,0.03,0.068,0.024,0.037,0.0062639684685382455
0.001,0.001,0.001,0.001,0.001,0.001,7.145190104097207e-09
0.015,0.001,0.001,0.02,0.002,0.004,0.0003496695377376497
0.46,0.329,0.4185,0.483,0.3415,0.4535,0.24217466180766278
0.001,0.001,0.001,0.001,0.001,0.001,5.58790366560198e-07
0.007,0.005,0.005,0.005,0.022,0.0035,0.0004532584022749918
0.001,0.001,0.001,0.002,0.001,0.001,4.347923473598443e-07
0.059,0.006,0.01,0.068,0.007,0.015,0.00105022373178909
0.001,0.001,0.001,0.001,0.001,0.001,5.67426007599021e-06
0.001,0.001,0.001,0.001,0.001,0.001,7.26374418428232e-08
0.073,0.022,0.025,0.082,0.022,0.04,0.005721554088673221
0.097,0.038,0.046,0.096,0.048,0.057,0.011487054761539717
0.022,0.012,0.011,0.031,0.01,0.013,0.0005241820197394517
0.006,0.001,0.002,0.008,0.001,0.003,4.429623215759147e-05
0.003,0.001,0.001,0.003,0.001,0.001,2.78850411794054e-06
0.001,0.001,0.001,0.001,0.001,0.001,4.426740501645665e-08
0.004,0.002,0.002,0.003,0.002,0.002,3.5126746980588186e-05
0.029,0.005,0.006,0.045,0.005,0.008,0.0003465228339532762
0.193,0.238,0.23,0.216,0.253,0.216,0.15020488374616095
0.005,0.003,0.003,0.01,0.003,0.003,0.00015933788467280039
0.058,0.026,0.039,0.081,0.027,0.049,0.008908683962854352
0.005,0.007,0.007,0.011,0.007,0.007,0.001485826914718416
0.03,0.013,0.01,0.04,0.012,0.014,0.0014904391907738389
0.018,0.001,0.002,0.023,0.002,0.004,5.152821628201581e-05
0.001,0.001,0.001,0.002,0.001,0.001,1.0749616538620466e-06
0.01,0.003,0.003,0.012,0.003,0.004,0.0004541155843357525
0.001,0.001,0.001,0.001,0.001,0.001,1.7274419984634265e-07
0.012,0.002,0.003,0.014,0.002,0.003,6.151655602366477e-05
0.01,0.001,0.002,0.021,0.001,0.007,1.988692254437327e-05
0.098,0.049,0.055,0.135,0.04,0.074,0.013858453065591688
0.013,0.005,0.006,0.009,0.005,0.009,0.00040192453549489746
0.001,0.001,0.001,0.001,0.001,0.001,6.67579774213452e-06
0.027,0.002,0.004,0.031,0.002,0.008,0.0003523035101618793
0.001,0.001,0.001,0.002,0.001,0.001,1.6644154824124223e-05
0.018,0.01,0.009,0.023,0.011,0.006,0.0027490591702220377
0.012,0.007,0.007,0.012,0.01,0.007,0.000885676890071093
0.002,0.001,0.001,0.002,0.001,0.002,6.3287789532853566e-06
0.001,0.001,0.001,0.001,0.001,0.001,1.4390228661503752e-07
0.048,0.016,0.021,0.064,0.017,0.024,0.0030629659450100506
0.104,0.073,0.061,0.11,0.087,0.058,0.032986673868252485
0.001,0.001,0.001,0.002,0.001,0.001,3.657602591042022e-05
0.006,0.003,0.004,0.009,0.004,0.004,8.268092381901819e-05
0.006,0.002,0.002,0.009,0.002,0.002,0.00022286513943714568
0.022,0.008,0.012,0.033,0.006,0.014,0.0015719418362224698
0.001,0.001,0.001,0.001,0.001,0.001,6.699937065602264e-07
0.008,0.003,0.003,0.016,0.002,0.003,0.0002865215841448035
0.013,0.008,0.008,0.02,0.009,0.008,0.0011943773151388147
0.018,0.014,0.016,0.022,0.016,0.016,0.0023488315285398517
0.001,0.002,0.001,0.002,0.002,0.001,0.0003417231826592128
