OLS__L1,OLS__L2,OLS__Huber,Huber__L1,Huber__L2,Huber__Huber,t-test
0.1275,0.67,0.4095,0.213,0.486,0.3915,0.7834055317679613
0.6265,0.8845,0.6385,0.784,0.6875,0.884,0.9775144564319576
0.718,0.4145,0.748,0.604,0.3775,0.663,0.8314447052494285
0.479,0.4295,0.195,0.3355,0.3555,0.459,0.4870826252955369
0.2785,0.8515,0.19,0.2525,0.446,0.326,0.9399993248058685
0.2835,0.8585,0.2445,0.9405,0.6235,0.576,0.9316451602056587
0.127,0.821,0.153,0.1885,0.428,0.2935,0.9299450313339948
0.9025,0.031,0.4225,0.9155,0.042,0.3075,0.0025430132565233696
0.461,0.8515,0.429,0.814,0.6955,0.7585,0.9256341097178341
0.979,0.0565,0.997,0.891,0.239,0.727,0.028512026874141838
0.128,0.465,0.0955,0.856,0.5315,0.933,0.8820083447583398
0.307,0.8805,0.502,0.7535,0.643,0.915,0.9391793078169616
0.315,0.591,0.506,0.395,0.511,0.49,0.7624527729742452
0.2895,0.8795,0.316,0.6925,0.591,0.937,0.9517098339883661
0.976,0.036,0.977,0.522,0.981,0.5285,0.0008631747644893071
0.165,0.172,0.017,0.147,0.091,0.0695,0.3551361972307865
0.1885,0.2765,0.122,0.154,0.175,0.151,0.8066214504428915
0.3335,0.9175,0.063,0.398,0.5425,0.562,0.998972751764197
0.73,0.734,0.821,0.589,0.858,0.599,0.9406358653650264
0.5705,0.93,0.6815,0.534,0.849,0.619,0.9988306886629053
0.017,0.025,0.019,0.007,0.024,0.007,0.01681968070030039
0.467,0.725,0.274,0.2785,0.5485,0.328,0.873756091229402
0.4885,0.81,0.5685,0.7015,0.698,0.718,0.9401111569970764
0.349,0.31,0.3555,0.34,0.3185,0.3775,0.8306032024871679
0.75,0.5415,0.693,0.5795,0.8775,0.6605,0.6129581214230198
0.297,0.726,0.5215,0.923,0.4905,0.6775,0.9487761810303578
0.2075,0.686,0.2695,0.498,0.4405,0.384,0.9062232502581988
0.186,0.4585,0.276,0.004,0.2635,0.006,0.8540381229167042
0.506,0.832,0.643,0.8195,0.7405,0.9105,0.9332960009408848
0.3765,0.6285,0.621,0.651,0.779,0.8145,0.8320653729714698
0.5015,0.4775,0.683,0.7115,0.7185,0.8745,0.8089401524720329
0.654,0.1895,0.758,0.9685,0.172,0.493,0.45961374136355937
0.6405,0.1705,0.74,0.241,0.107,0.2105,0.24908607294379576
0.158,0.8625,0.115,0.2535,0.744,0.2005,0.9407582569570176
0.3105,0.4085,0.1815,0.9035,0.451,0.7855,0.6622908329917555
0.3165,0.0645,0.12,0.089,0.066,0.096,0.4120314890728616
0.846,0.05,0.046,0.019,0.023,0.011,0.03213991425826119
0.583,0.5375,0.4575,0.7725,0.689,0.9345,0.7413310402602891
0.214,0.3705,0.327,0.1865,0.321,0.355,0.5236520031347756
0.135,0.079,0.04,0.041,0.061,0.052,0.10887863020766636
0.1275,0.697,0.5,0.168,0.522,0.477,0.8547230236421831
0.8705,0.573,0.9185,0.6375,0.8625,0.727,0.7941188447620497
0.1095,0.484,0.126,0.728,0.3295,0.374,0.784778192945507
0.228,0.41,0.201,0.2055,0.367,0.201,0.6008061957300259
0.2755,0.6185,0.4965,0.4685,0.6705,0.6175,0.9259778552539669
0.928,0.169,0.908,0.4505,0.8865,0.817,0.34139472263266835
0.799,0.7895,0.8265,0.7715,0.7675,0.788,0.95518377400217
0.161,0.4655,0.1695,0.148,0.572,0.135,0.8575819817354795
0.3295,0.9595,0.513,0.6445,0.669,0.7605,0.9772933518397701
0.464,0.675,0.568,0.2355,0.8845,0.434,0.773801278416072
0.867,0.292,0.881,0.739,0.753,0.8155,0.8362526063420539
0.301,0.5675,0.5075,0.913,0.5035,0.739,0.861717443452894
0.796,0.2785,0.8075,0.631,0.2775,0.5145,0.7056305741977378
0.476,0.6015,0.5515,0.6205,0.6515,0.941,0.7773727188510017
0.742,0.3765,0.6775,0.383,0.2295,0.4825,0.8256937121483086
0.4335,0.5715,0.834,0.339,0.538,0.557,0.979573060076045
0.443,0.949,0.6865,0.678,0.7455,0.9375,0.9796360771774553
0.1995,0.611,0.514,0.2935,0.7805,0.7395,0.824770077404507
0.436,0.614,0.4675,0.7275,0.4595,0.4955,0.7904242303655298
0.114,0.412,0.2185,0.134,0.249,0.197,0.7572871293445802
0.2175,0.684,0.0685,0.2035,0.808,0.1705,0.8949977031014302
0.912,0.18,0.917,0.8505,0.41,0.837,0.3207833237271998
0.431,0.864,0.6285,0.3335,0.9195,0.3385,0.9386895195328689
0.632,0.207,0.043,0.124,0.087,0.065,0.22840701537422925
0.966,0.051,0.963,0.9385,0.1085,0.4605,0.04927522698529439
0.6595,0.325,0.7715,0.7895,0.373,0.705,0.48648809434490725
0.264,0.8305,0.348,0.7435,0.655,0.761,0.9448575364583015
0.7105,0.789,0.5765,0.6925,0.747,0.6525,0.9385086260700527
0.372,0.5645,0.243,0.224,0.368,0.162,0.8363260234318927
0.3695,0.5465,0.535,0.457,0.392,0.3765,0.6739522188356977
0.057,0.1815,0.08,0.2235,0.11,0.192,0.576745712670012
0.663,0.3435,0.7155,0.359,0.2805,0.348,0.6084385870520537
0.5955,0.9375,0.7335,0.5305,0.8995,0.5405,0.9790781034853153
0.4285,0.851,0.547,0.862,0.672,0.8585,0.9522230114407833
0.984,0.055,0.971,0.8345,0.087,0.447,0.03058525876519158
0.1215,0.9055,0.2025,0.339,0.7405,0.616,0.9604669040875708
0.1675,0.791,0.341,0.5915,0.6545,0.886,0.877213830050592
0.827,0.471,0.7545,0.494,0.8545,0.805,0.6698180347474051
0.0545,0.202,0.1905,0.077,0.176,0.166,0.42614689645761294
0.126,0.111,0.115,0.112,0.111,0.114,0.12985236924216653
0.376,0.907,0.431,0.659,0.6535,0.626,0.9547853547679318
0.551,0.268,0.0665,0.554,0.1845,0.2405,0.6870145055848456
0.657,0.4875,0.6765,0.811,0.521,0.8465,0.6759997170140989
0.7145,0.3185,0.7115,0.954,0.403,0.6905,0.6221852145366618
0.4085,0.695,0.112,0.2105,0.2585,0.2225,0.9260393773426303
0.673,0.394,0.125,0.9585,0.3415,0.5915,0.8301265799346256
0.6915,0.6665,0.414,0.389,0.5665,0.4725,0.881106246519793
0.398,0.891,0.16,0.6135,0.5245,0.775,0.999114831055503
0.15,0.603,0.3085,0.915,0.338,0.422,0.7950116293521216
0.977,0.027,0.98,0.169,0.967,0.5755,0.0018775277756298207
0.114,0.3985,0.194,0.392,0.2435,0.2305,0.6282364054931984
0.9055,0.282,0.925,0.4435,0.943,0.512,0.6745587202225509
0.958,0.5345,0.9495,0.3535,0.9675,0.362,0.8825171627927862
0.3405,0.8285,0.446,0.325,0.669,0.6855,0.921729104466208
0.839,0.3665,0.819,0.869,0.823,0.836,0.6828992092324251
0.5885,0.434,0.6695,0.705,0.583,0.927,0.9045325407168869
0.6625,0.271,0.682,0.1435,0.139,0.2065,0.853840657165762
0.2065,0.7895,0.3855,0.4945,0.6575,0.621,0.8996181734610172
0.4635,0.883,0.5635,0.686,0.734,0.7105,0.9528115196946294
0.147,0.3455,0.291,0.2255,0.294,0.278,0.4414342765015363
0.653,0.4265,0.697,0.807,0.471,0.827,0.7704035414330627
0.8965,0.103,0.916,0.319,0.1195,0.271,0.6453692328624436
0.4165,0.785,0.3615,0.7405,0.538,0.9205,0.8919287235192916
0.6985,0.9395,0.8375,0.8065,0.7245,0.931,0.9984151357452136
0.276,0.6695,0.592,0.39,0.518,0.534,0.7334540612103975
0.605,0.5735,0.7165,0.489,0.985,0.3355,0.7101452242576626
0.595,0.1655,0.1365,0.063,0.097,0.082,0.307230323241058
0.175,0.546,0.137,0.0465,0.2155,0.067,0.7194651295480572
0.823,0.284,0.872,0.9115,0.3415,0.6205,0.46561123327685194
0.165,0.5525,0.122,0.1355,0.3255,0.333,0.8022233667119166
0.007,0.009,0.007,0.011,0.005,0.008,1.6432109071695687e-11
0.3345,0.4035,0.4805,0.402,0.3635,0.4535,0.8309175901423277
0.842,0.394,0.8455,0.79,0.844,0.8785,0.6192375822871043
0.309,0.88,0.39,0.2745,0.853,0.287,0.9587198599297287
0.835,0.2645,0.7955,0.5735,0.48,0.865,0.639381511405823
0.0945,0.231,0.06,0.725,0.147,0.157,0.3384402344572739
0.486,0.7235,0.178,0.819,0.6235,0.8935,0.7910154493887364
0.1645,0.3095,0.2355,0.102,0.1945,0.23,0.7559224560829003
0.871,0.0855,0.744,0.8875,0.166,0.4605,0.16452193644886062
0.852,0.2885,0.8545,0.8095,0.416,0.744,0.4443945555133415
0.1825,0.515,0.347,0.3985,0.3395,0.184,0.6261160468271474
0.857,0.2275,0.885,0.621,0.866,0.838,0.4675024907696894
0.8845,0.526,0.7935,0.567,0.9105,0.558,0.911959487717243
0.3855,0.6475,0.5185,0.4585,0.536,0.5315,0.7462144867700224
0.481,0.532,0.518,0.568,0.4905,0.5625,0.8062403013021331
0.937,0.008,0.218,0.035,0.005,0.036,1.6005491790067855e-06
0.551,0.9315,0.703,0.3185,0.892,0.278,0.9951128619183207
0.5115,0.8115,0.395,0.662,0.558,0.726,0.9764197523943663
0.215,0.4215,0.34,0.222,0.3715,0.287,0.7525362503785036
0.4075,0.345,0.134,0.097,0.21,0.1705,0.49219714138900605
0.4955,0.9065,0.2605,0.1955,0.8485,0.254,0.9772383630389069
0.079,0.2975,0.052,0.523,0.1655,0.079,0.45994206263010606
0.848,0.646,0.848,0.244,0.954,0.265,0.899157664337692
0.245,0.1825,0.1965,0.223,0.186,0.2155,0.7574965383363399
0.8395,0.648,0.767,0.7885,0.774,0.917,0.8067473979959829
0.53,0.422,0.461,0.762,0.366,0.6295,0.6017948989614508
0.053,0.0445,0.055,0.049,0.0475,0.046,0.004455474677500369
0.503,0.8335,0.3445,0.308,0.4455,0.4765,0.8983324987460604
0.009,0.225,0.018,0.015,0.1115,0.016,0.45059427000511665
0.4455,0.454,0.585,0.75,0.653,0.602,0.8500552584863671
0.216,0.5415,0.5945,0.405,0.4,0.584,0.8384452244425098
0.876,0.5825,0.8795,0.652,0.912,0.6325,0.8812833062534807
0.4165,0.8615,0.495,0.758,0.6585,0.908,0.9261441370643959
0.1875,0.6575,0.3415,0.6855,0.517,0.687,0.8868563420708432
0.4425,0.72,0.761,0.9665,0.6995,0.881,0.9200322329045895
0.804,0.5565,0.4665,0.9865,0.4965,0.608,0.7819089452248099
0.059,0.639,0.1805,0.099,0.641,0.124,0.8773678890554463
0.759,0.079,0.98,0.8215,0.7485,0.8805,0.6168535516031703
0.808,0.4135,0.774,0.8205,0.4965,0.828,0.9258107156987618
0.2815,0.3235,0.2535,0.2525,0.2765,0.2445,0.6322680814701964
0.2595,0.953,0.321,0.609,0.5405,0.5625,0.9748895813582141
0.872,0.3535,0.8905,0.7665,0.762,0.9315,0.7475737825057889
0.138,0.6125,0.4105,0.181,0.5275,0.2995,0.7980635838476998
0.763,0.3005,0.554,0.872,0.319,0.5155,0.38146349684382996
0.5425,0.865,0.3905,0.8715,0.7345,0.775,0.9459787859548996
0.735,0.271,0.96,0.8165,0.4355,0.7885,0.471863136665573
0.168,0.791,0.2695,0.913,0.4955,0.9175,0.9351283929742991
0.708,0.5485,0.744,0.5715,0.7735,0.8795,0.6662728716223325
0.166,0.066,0.1035,0.099,0.0705,0.095,0.7315863227310158
0.016,0.026,0.025,0.2705,0.026,0.071,1.290077008734181e-05
0.4915,0.44,0.2165,0.5295,0.3075,0.208,0.6150463668833612
0.511,0.368,0.226,0.492,0.258,0.2875,0.5857281611759177
0.028,0.097,0.084,0.071,0.086,0.074,0.10973190047721994
0.198,0.8905,0.3025,0.0945,0.7415,0.195,0.9920133916969074
0.97,0.133,0.97,0.915,0.964,0.766,0.1666093755104556
0.4215,0.5045,0.444,0.78,0.3825,0.6545,0.8170232520445735
0.2555,0.9015,0.3535,0.915,0.5265,0.327,0.9822939155797501
0.408,0.479,0.5125,0.6025,0.501,0.861,0.7324545946451961
0.287,0.93,0.497,0.3315,0.7775,0.549,0.9605880327669049
0.016,0.015,0.016,0.034,0.015,0.024,7.593175636494154e-06
0.1795,0.8245,0.268,0.194,0.799,0.2615,0.9214799611611836
0.853,0.056,0.1715,0.214,0.069,0.146,0.03570260126750992
0.23,0.3265,0.275,0.1945,0.384,0.248,0.6265492997635842
0.493,0.303,0.2395,0.2825,0.235,0.3045,0.6000546095873756
0.766,0.5125,0.8075,0.8265,0.891,0.6315,0.8104010020302941
0.6175,0.4185,0.801,0.295,0.3555,0.5285,0.7580979207037097
0.923,0.068,0.924,0.112,0.0485,0.1815,0.1286015452832705
0.742,0.189,0.811,0.878,0.1825,0.5255,0.5885572707988656
0.1915,0.754,0.076,0.1915,0.3275,0.2735,0.9277662653190932
0.009,0.087,0.004,0.015,0.0555,0.005,0.3080306989000908
0.151,0.1405,0.087,0.067,0.1055,0.081,0.4556493458141144
0.2895,0.7275,0.63,0.44,0.827,0.54,0.9388793055324515
0.863,0.2915,0.86,0.895,0.518,0.855,0.4773122578314889
0.6855,0.5515,0.7655,0.3285,0.926,0.492,0.8483342845655886
0.782,0.336,0.688,0.8575,0.4475,0.703,0.6361252401360753
0.843,0.281,0.877,0.647,0.325,0.535,0.4774741632455769
0.65,0.6645,0.8505,0.859,0.5905,0.845,0.9380005286093456
0.2115,0.585,0.5205,0.7185,0.543,0.91,0.855699144475892
0.6575,0.346,0.23,0.6035,0.276,0.371,0.7989337295004519
0.2885,0.911,0.408,0.9035,0.754,0.68,0.9958527473308451
0.478,0.194,0.029,0.0535,0.1185,0.065,0.41747737497658755
0.198,0.087,0.152,0.048,0.063,0.071,0.1865877634604585
0.404,0.368,0.6725,0.863,0.8735,0.3535,0.8628140153150365
0.268,0.6255,0.2985,0.798,0.687,0.794,0.8312624870630927
0.263,0.578,0.313,0.408,0.3925,0.5,0.850866957293343
0.3365,0.4645,0.54,0.51,0.389,0.5405,0.8539703161886976
0.4775,0.7805,0.471,0.546,0.6695,0.706,0.8869797626422233
0.859,0.4045,0.89,0.374,0.9385,0.591,0.572901714771941
0.576,0.133,0.099,0.4085,0.082,0.21,0.336944902017286
0.5755,0.5565,0.346,0.9725,0.4705,0.4915,0.8049536470697839
0.511,0.5345,0.603,0.519,0.7895,0.7445,0.7437306574584085
0.883,0.008,0.044,0.187,0.01,0.043,5.841246605135446e-05
0.21,0.1815,0.148,0.168,0.141,0.1725,0.4302022033652053
0.4265,0.665,0.237,0.111,0.3345,0.1285,0.9336199980634253
0.72,0.344,0.6715,0.1485,0.147,0.1105,0.6883007375028367
0.648,0.8565,0.4275,0.5255,0.689,0.4045,0.9973894301900946
0.4845,0.956,0.426,0.6165,0.6635,0.8925,0.9781454955996403
0.5385,0.946,0.6255,0.836,0.7285,0.949,0.9708961604321722
0.08,0.5125,0.105,0.12,0.2855,0.1765,0.805985918449365
0.2425,0.81,0.304,0.154,0.838,0.3085,0.9100198671567842
0.911,0.3935,0.935,0.6475,0.8495,0.92,0.6579661977747746
0.214,0.917,0.301,0.4625,0.6495,0.704,0.9418238564336563
0.7535,0.8605,0.811,0.744,0.848,0.8545,0.9395943126597155
0.56,0.43,0.317,0.7955,0.3015,0.299,0.7188933963488268
0.236,0.7785,0.234,0.3665,0.5735,0.406,0.9382218042395734
0.838,0.0765,0.1735,0.145,0.0615,0.091,0.1652948043432748
0.528,0.8565,0.559,0.366,0.7305,0.5585,0.9681532927634608
0.1215,0.9155,0.156,0.262,0.6315,0.3695,0.9688382184244833
0.179,0.348,0.265,0.1565,0.2155,0.185,0.4846368103371257
0.902,0.173,0.7665,0.3725,0.236,0.5275,0.25720253508087965
0.289,0.262,0.3255,0.337,0.2325,0.331,0.8895346902376765
0.3135,0.917,0.453,0.848,0.6975,0.8185,0.9763205032970241
0.822,0.276,0.8185,0.666,0.731,0.9175,0.6396259246839102
0.349,0.8985,0.512,0.855,0.7495,0.556,0.983110309414317
0.682,0.402,0.691,0.72,0.7335,0.925,0.616324677774161
0.267,0.6945,0.257,0.114,0.9765,0.068,0.8232552918299122
0.183,0.4825,0.4975,0.9275,0.3515,0.748,0.8269651716268313
0.5085,0.703,0.608,0.471,0.795,0.5155,0.9203378582281677
0.945,0.047,0.95,0.266,0.0865,0.3995,0.029185625122394962
0.4715,0.878,0.56,0.712,0.6735,0.9505,0.9668103015852376
0.8875,0.2955,0.7925,0.529,0.373,0.5075,0.8806090431825291
0.523,0.775,0.2385,0.21,0.929,0.196,0.9612092812116872
0.463,0.531,0.387,0.81,0.5715,0.92,0.7452291311973787
0.887,0.061,0.953,0.164,0.081,0.198,0.3354014082743606
0.899,0.1965,0.958,0.3385,0.991,0.3625,0.5082438243852564
0.941,0.083,0.941,0.8015,0.5995,0.9195,0.353533291735334
0.059,0.472,0.0915,0.0795,0.198,0.0795,0.9159048600896657
0.364,0.8615,0.624,0.5515,0.8375,0.4125,0.944940396232024
0.081,0.7985,0.434,0.2,0.5265,0.514,0.9015914474492706
0.364,0.569,0.3265,0.3815,0.404,0.341,0.851162850238933
0.828,0.213,0.805,0.729,0.3785,0.8035,0.24702372601199063
0.136,0.0765,0.0665,0.09,0.065,0.071,0.39847398208165064
0.9675,0.021,0.973,0.155,0.013,0.047,0.011598332460311648
0.263,0.37,0.4155,0.4275,0.287,0.406,0.8302844224003745
0.786,0.265,0.823,0.51,0.8875,0.722,0.5862997013857512
0.733,0.323,0.686,0.47,0.293,0.474,0.48625552281040574
0.009,0.008,0.005,0.008,0.008,0.008,0.0001165031143474034
0.1735,0.256,0.2435,0.3795,0.2485,0.549,0.4174850880129367
0.969,0.052,0.96,0.2545,0.056,0.172,0.05457379411189546
0.6115,0.6215,0.7535,0.363,0.9185,0.2825,0.9133503848601268
0.3985,0.07,0.107,0.164,0.083,0.13,0.1487825338850611
0.527,0.949,0.7295,0.852,0.744,0.855,0.9891799682639955
0.676,0.2815,0.695,0.909,0.215,0.277,0.35243643826869375
0.474,0.564,0.239,0.3915,0.392,0.414,0.821109378905075
0.082,0.543,0.734,0.8005,0.563,0.908,0.5731919710844674
0.7565,0.552,0.845,0.78,0.7105,0.8415,0.8651329985615643
0.151,0.3425,0.262,0.255,0.253,0.283,0.6433563349509699
0.573,0.6305,0.805,0.847,0.6505,0.8945,0.8797569387171658
0.4385,0.606,0.573,0.6185,0.5325,0.647,0.82978083014384
0.174,0.6685,0.5985,0.3055,0.5015,0.566,0.7921615921513766
0.7775,0.471,0.7825,0.5245,0.443,0.609,0.8290012904998392
0.2345,0.895,0.225,0.7825,0.5765,0.9225,0.9998399213505583
0.126,0.473,0.1575,0.15,0.313,0.207,0.7543563926122553
0.4245,0.505,0.6955,0.5045,0.4045,0.5315,0.729338530864815
0.231,0.4005,0.167,0.1205,0.238,0.118,0.4778394082804217
0.8895,0.4075,0.927,0.3385,0.965,0.356,0.847884866328511
0.889,0.1295,0.947,0.775,0.707,0.949,0.41105849043031795
0.039,0.02,0.02,0.027,0.024,0.021,0.001526692425540873
0.2665,0.8425,0.2635,0.369,0.853,0.1925,0.8619808584872484
0.985,0.017,0.981,0.644,0.1375,0.6015,0.047737068426886575
0.123,0.68,0.168,0.092,0.2425,0.08,0.9230085166728657
0.203,0.733,0.2715,0.162,0.5025,0.2345,0.8552305703973733
0.054,0.322,0.06,0.276,0.192,0.074,0.4536226692992079
0.347,0.876,0.348,0.345,0.551,0.64,0.932532518348113
0.2075,0.877,0.445,0.488,0.7725,0.464,0.934445904534662
0.4755,0.621,0.609,0.4875,0.892,0.35,0.8627736838410388
0.874,0.109,0.92,0.129,0.098,0.185,0.1867379247405251
0.066,0.6015,0.04,0.998,0.3645,0.1135,0.6649918701611283
0.3905,0.578,0.41,0.481,0.486,0.766,0.7739622753246183
0.309,0.488,0.422,0.3685,0.414,0.454,0.761106687006528
0.305,0.2,0.4285,0.012,0.082,0.017,0.3962282102827228
0.018,0.3825,0.1585,0.059,0.267,0.105,0.42985272322623524
0.715,0.951,0.749,0.719,0.7635,0.9705,0.9761081240277978
0.318,0.9365,0.4945,0.398,0.8225,0.337,0.989463107176442
0.317,0.703,0.417,0.489,0.749,0.7235,0.8904305042915126
0.63,0.461,0.187,0.6745,0.4335,0.713,0.8574370928468621
0.336,0.898,0.1335,0.703,0.5305,0.91,0.983756206714478
0.4435,0.815,0.3555,0.152,0.4455,0.342,0.9374708226746327
0.481,0.915,0.573,0.1645,0.8825,0.4075,0.9622033887996468
0.949,0.11,0.911,0.8065,0.2065,0.6445,0.1749955409813647
0.307,0.884,0.5345,0.498,0.681,0.6265,0.9590403037217324
0.554,0.7225,0.765,0.1435,0.972,0.183,0.9030876728913455
0.058,0.2935,0.204,0.081,0.2365,0.1245,0.4653326033819706
0.071,0.277,0.1365,0.233,0.1525,0.2165,0.39982272509335104
0.4635,0.2745,0.267,0.4645,0.246,0.382,0.5082891607847423
0.5365,0.6375,0.5055,0.7635,0.607,0.939,0.9184100774688959
0.173,0.4685,0.1525,0.8715,0.3175,0.4125,0.6265835640084328
0.874,0.135,0.886,0.9385,0.985,0.3665,0.1394058465288677
0.889,0.892,0.4765,0.424,0.926,0.42,0.9980783972452109
0.224,0.24,0.2175,0.2365,0.235,0.22,0.7531956259943495
0.2755,0.311,0.3785,0.5615,0.324,0.509,0.851617870117718
0.5355,0.5645,0.5195,0.4675,0.678,0.5755,0.8877032970534078
0.9595,0.4125,0.9645,0.7915,0.88,0.9015,0.7976806444396354
0.7045,0.7205,0.6945,0.9265,0.624,0.9415,0.9290342222279514
0.919,0.0435,0.97,0.5115,0.106,0.5865,0.13222476329151991
0.369,0.222,0.2505,0.2735,0.2215,0.281,0.5432621038190231
0.2225,0.6875,0.2685,0.8735,0.4805,0.356,0.8729922504724772
0.774,0.0885,0.093,0.248,0.054,0.121,0.07091683576380015
0.6485,0.56,0.439,0.871,0.4665,0.658,0.7071109640353674
0.78,0.5265,0.8335,0.8685,0.5455,0.826,0.7527410787560209
0.052,0.062,0.0605,0.058,0.061,0.058,0.3333679900469809
0.6005,0.7515,0.597,0.5955,0.7135,0.8825,0.8987251884532037
0.879,0.1565,0.852,0.3275,0.0855,0.231,0.6069946621320085
0.66,0.5155,0.7145,0.9895,0.7775,0.7015,0.7858324945683717
0.6005,0.8235,0.5165,0.623,0.712,0.652,0.9831980783242491
0.2225,0.792,0.183,0.805,0.5675,0.448,0.9004304877414715
0.4465,0.6655,0.3565,0.947,0.5965,0.9125,0.945001612532584
0.696,0.5415,0.256,0.909,0.4725,0.694,0.8076843157048833
0.291,0.9335,0.1655,0.436,0.7235,0.398,0.9970363636815542
0.1305,0.819,0.3235,0.3125,0.537,0.357,0.9138594560975103
0.14,0.5165,0.2025,0.2765,0.264,0.2295,0.8724865547748138
0.341,0.867,0.323,0.516,0.521,0.6595,0.9875328788819921
0.773,0.24,0.766,0.524,0.3315,0.748,0.5591295897221202
0.6055,0.9355,0.775,0.7355,0.915,0.417,0.966430182923143
0.608,0.6095,0.5095,0.084,0.3675,0.215,0.9438645568541902
0.607,0.363,0.3485,0.635,0.3335,0.448,0.45656002488537584
0.895,0.2695,0.913,0.6715,0.766,0.925,0.38720447273064473
0.1595,0.751,0.218,0.189,0.1915,0.1255,0.9766786286415043
0.3565,0.776,0.2555,0.2345,0.5515,0.451,0.9930659161315527
0.804,0.1175,0.6955,0.6455,0.094,0.2735,0.1461189409154231
0.684,0.8215,0.651,0.8355,0.728,0.942,0.9277696834239784
0.38,0.3915,0.44,0.4005,0.383,0.4195,0.8534201055786591
0.35,0.615,0.4615,0.3905,0.4825,0.443,0.8327987556626809
0.775,0.217,0.795,0.5805,0.3695,0.851,0.5717746062526088
0.202,0.4565,0.6455,0.5885,0.3985,0.7655,0.8098737682929926
0.03,0.2055,0.013,0.007,0.056,0.007,0.29930702016123006
0.009,0.007,0.0065,0.005,0.002,0.005,2.4710863683099745e-57
0.896,0.134,0.935,0.757,0.303,0.7495,0.17705110434615803
0.1655,0.827,0.182,0.9525,0.495,0.5695,0.9194303460701357
0.609,0.5835,0.623,0.8575,0.869,0.519,0.8133080949075897
0.947,0.045,0.95,0.1205,0.015,0.1,0.005842380290519196
0.127,0.61,0.224,0.232,0.435,0.27,0.7607657028742599
0.572,0.144,0.063,0.039,0.077,0.036,0.3300249905110215
0.7425,0.3515,0.224,0.9765,0.3485,0.6025,0.5805512961622011
0.679,0.458,0.494,0.7805,0.419,0.557,0.6712484217694468
0.8855,0.136,0.88,0.186,0.974,0.4245,0.40462047107936927
0.985,0.005,0.984,0.3405,0.006,0.102,2.778992442913154e-21
0.1855,0.9115,0.2415,0.014,0.492,0.0605,0.9703289598716454
0.971,0.085,0.954,0.7225,0.3855,0.845,0.08047438004648268
0.7755,0.3365,0.73,0.6765,0.546,0.9245,0.5764873269534696
0.26,0.3445,0.4755,0.391,0.2105,0.3575,0.8958896575629212
0.5825,0.4845,0.579,0.903,0.922,0.4355,0.7779616605606643
0.463,0.6605,0.6625,0.7665,0.676,0.9395,0.8379170574710233
0.946,0.5635,0.9335,0.6395,0.935,0.604,0.909949491653033
0.037,0.1115,0.059,0.2035,0.0595,0.092,0.43653054934163493
0.968,0.043,0.966,0.14,0.027,0.091,0.037799356696223134
0.08,0.7475,0.129,0.1225,0.331,0.105,0.9191753910540846
0.6035,0.8165,0.564,0.279,0.8935,0.305,0.9885960234045847
0.1065,0.2125,0.1175,0.0885,0.1405,0.1085,0.3460975581227236
0.097,0.095,0.097,0.1,0.096,0.098,0.22691019506059149
0.2265,0.711,0.24,0.2345,0.6655,0.226,0.9512027507658787
0.632,0.4845,0.485,0.3915,0.4525,0.436,0.5926182188643805
0.252,0.752,0.3905,0.703,0.551,0.8855,0.9171271681429436
0.544,0.45,0.482,0.769,0.779,0.778,0.6759454986659161
0.214,0.377,0.2455,0.2335,0.2815,0.3325,0.7383087578126606
0.5085,0.871,0.542,0.4375,0.7525,0.659,0.9453567724854088
0.1285,0.45,0.1455,0.3105,0.248,0.3285,0.6077812135633602
0.277,0.6375,0.228,0.921,0.362,0.5655,0.7484314071067527
0.6695,0.675,0.833,0.8805,0.6505,0.899,0.8812174577069375
0.477,0.4455,0.463,0.523,0.3985,0.6045,0.5253315171950668
0.7665,0.8685,0.802,0.5945,0.8805,0.6935,0.9625338773611896
0.2265,0.336,0.282,0.295,0.3305,0.267,0.7044293781467066
0.535,0.9095,0.59,0.5055,0.862,0.24,0.9812776861916002
0.3025,0.903,0.36,0.2985,0.586,0.257,0.9875862293832927
0.283,0.919,0.455,0.8275,0.6795,0.5585,0.9580932928282837
0.892,0.1045,0.954,0.3405,0.9765,0.287,0.41824878780011754
0.932,0.1,0.939,0.752,0.7,0.9545,0.1449001661425725
0.5435,0.513,0.709,0.63,0.476,0.8155,0.7325507318327484
0.69,0.4155,0.688,0.8835,0.4495,0.772,0.6811765100650067
0.539,0.568,0.328,0.363,0.7955,0.5715,0.8547897799345066
0.5685,0.5355,0.597,0.6865,0.7395,0.807,0.7375190497596924
0.169,0.7925,0.4295,0.1675,0.539,0.478,0.8871476976672731
0.1585,0.59,0.4305,0.589,0.4525,0.3825,0.7045660291799295
0.5315,0.859,0.6565,0.7155,0.7705,0.899,0.9137025862826822
0.349,0.5455,0.4275,0.517,0.3165,0.477,0.7566775788737428
0.5595,0.261,0.729,0.6855,0.6715,0.881,0.6423257268675742
0.276,0.5175,0.4715,0.43,0.3305,0.414,0.8376817238790312
0.269,0.7225,0.1775,0.5925,0.4425,0.464,0.8787442021473859
0.7005,0.1885,0.0435,0.895,0.268,0.7625,0.5093379212326381
0.923,0.281,0.909,0.9405,0.405,0.815,0.801026838964194
0.592,0.6245,0.5645,0.5975,0.512,0.779,0.864903442004213
0.4985,0.4535,0.3425,0.094,0.3355,0.297,0.6361563151371217
0.809,0.5035,0.885,0.9525,0.952,0.514,0.7163319432203024
0.627,0.787,0.628,0.8775,0.6085,0.938,0.9051101685276953
0.951,0.061,0.935,0.5785,0.048,0.2295,0.5309384176317689
0.948,0.077,0.974,0.645,0.993,0.2425,0.06399253519703195
0.007,0.24,0.023,0.02,0.116,0.013,0.6359693342327629
0.799,0.693,0.771,0.7235,0.684,0.74,0.9156174894857076
0.15,0.895,0.133,0.7195,0.724,0.6495,0.9842276803626572
0.738,0.626,0.3345,0.156,0.445,0.146,0.9291115087679763
0.201,0.9085,0.445,0.189,0.671,0.3975,0.9284772896687787
0.634,0.7335,0.728,0.5425,0.6195,0.8175,0.9317726151527363
0.942,0.065,0.934,0.8975,0.892,0.738,0.08445397303159059
0.814,0.2755,0.793,0.2275,0.9125,0.4015,0.8205984130899521
0.4775,0.6165,0.7945,0.8245,0.816,0.9075,0.8222895105359612
0.2485,0.2065,0.1965,0.253,0.212,0.2125,0.638115795405789
0.643,0.8275,0.5515,0.525,0.9375,0.512,0.9580270888571939
0.3115,0.345,0.7205,0.7455,0.595,0.5675,0.9158714097609608
0.5425,0.3535,0.414,0.677,0.7395,0.8135,0.797712065408463
0.154,0.6325,0.5425,0.596,0.9135,0.4425,0.8689896909067345
0.558,0.3745,0.291,0.414,0.31,0.414,0.7202458660027822
0.317,0.4445,0.716,0.751,0.42,0.732,0.8732523288470463
0.915,0.004,0.831,0.4545,0.014,0.1405,1.4124033058794051e-06
0.385,0.8905,0.1885,0.2635,0.4695,0.364,0.9951663954126082
0.5435,0.6765,0.4945,0.596,0.558,0.7375,0.840507785124063
0.841,0.155,0.874,0.618,0.219,0.5645,0.16030733551986023
0.3015,0.934,0.4475,0.906,0.7515,0.6005,0.9959902344196947
0.7315,0.388,0.812,0.7975,0.3765,0.62,0.6783095407992495
0.5365,0.8205,0.3385,0.5825,0.693,0.7345,0.9654227709740786
0.8995,0.32,0.8555,0.78,0.4675,0.807,0.7777054742438047
0.1425,0.9285,0.199,0.24,0.6515,0.3185,0.9736672070925403
0.079,0.4985,0.5015,0.6055,0.529,0.7815,0.7443882166851891
0.765,0.249,0.7505,0.6675,0.837,0.832,0.2901214780990084
0.301,0.339,0.2545,0.1345,0.1755,0.193,0.8096378785602101
0.8625,0.2175,0.954,0.791,0.8665,0.8595,0.2132557744713819
0.784,0.1715,0.7525,0.7515,0.2795,0.6135,0.4988683016989168
0.7725,0.4205,0.5095,0.53,0.4535,0.5345,0.8601483714610489
0.962,0.059,0.943,0.528,0.988,0.5065,0.039758105201495794
0.744,0.4195,0.6585,0.543,0.4285,0.657,0.7984558136923411
0.512,0.2685,0.153,0.1655,0.188,0.153,0.5563961068970777
0.639,0.688,0.625,0.928,0.613,0.84,0.951231643521905
0.912,0.107,0.954,0.8925,0.3285,0.8585,0.2530893050158659
0.34,0.931,0.494,0.294,0.7705,0.5435,0.9760985496006843
0.4595,0.8005,0.6195,0.689,0.6355,0.7635,0.9432879098087393
0.765,0.319,0.74,0.6275,0.232,0.3925,0.6966970541039637
0.415,0.806,0.534,0.565,0.692,0.612,0.926759401079352
0.256,0.484,0.395,0.475,0.1955,0.2565,0.8271642062813993
0.585,0.6725,0.307,0.7285,0.5285,0.8765,0.9065709552356618
0.553,0.919,0.6365,0.7355,0.715,0.9285,0.9536311538006725
0.382,0.74,0.246,0.9585,0.52,0.7225,0.9220362968850537
0.699,0.594,0.495,0.821,0.7195,0.872,0.9160209370717289
0.129,0.581,0.1015,0.903,0.33,0.409,0.8526028370991321
0.025,0.091,0.007,0.012,0.021,0.01,0.3195362711876654
0.1045,0.0885,0.068,0.047,0.06,0.045,0.6632984248096072
0.837,0.2955,0.838,0.511,0.871,0.6435,0.8330184239914619
0.288,0.215,0.127,0.136,0.2265,0.125,0.7559458445914722
0.436,0.432,0.6505,0.33,0.29,0.2915,0.6221736496619075
0.315,0.6855,0.6935,0.6215,0.5325,0.693,0.9283428079188127
0.4565,0.586,0.4705,0.6535,0.614,0.9215,0.9393099764726048
0.502,0.754,0.502,0.3135,0.865,0.2865,0.9058773997612687
0.2295,0.844,0.372,0.2715,0.534,0.3685,0.9191277807865874
0.112,0.2715,0.198,0.154,0.238,0.136,0.3355243168378723
0.3215,0.675,0.7135,0.5595,0.613,0.694,0.9463492411141907
0.635,0.294,0.449,0.3795,0.222,0.333,0.8516154700314285
0.48,0.6655,0.5855,0.802,0.7865,0.6095,0.8931127805794502
0.8,0.484,0.8245,0.7885,0.699,0.8785,0.891122055192427
0.3535,0.472,0.384,0.3875,0.466,0.4035,0.8078712163905861
0.4555,0.7585,0.315,0.964,0.745,0.5375,0.8457737357314595
0.477,0.7185,0.625,0.777,0.597,0.7045,0.7682381263160732
0.032,0.303,0.115,0.1045,0.142,0.084,0.5695662532464998
0.284,0.687,0.2675,0.9515,0.4705,0.7145,0.9421094791091023
0.914,0.8025,0.882,0.8575,0.7915,0.9215,0.9145479332938213
0.045,0.017,0.001,0.1085,0.001,0.021,0.00017228190608926215
0.6495,0.6905,0.6665,0.8425,0.6645,0.8705,0.9523614713767599
0.835,0.545,0.851,0.5395,0.8835,0.7525,0.8096865835353122
0.871,0.134,0.887,0.6765,0.5745,0.947,0.2714181807530659
0.742,0.682,0.8195,0.7005,0.6335,0.937,0.8775435197344277
0.842,0.8275,0.667,0.837,0.841,0.68,0.9500475641776027
0.6385,0.3445,0.6455,0.841,0.6305,0.676,0.8511789881377495
0.727,0.896,0.8085,0.835,0.808,0.9125,0.9658597170752783
0.144,0.077,0.258,0.671,0.067,0.208,0.1062513046256714
0.993,0.014,0.9845,0.812,0.068,0.376,0.0064528363552358884
0.728,0.6525,0.622,0.8305,0.6005,0.7705,0.7625630694282288
0.9745,0.269,0.954,0.94,0.466,0.821,0.44299548141629763
0.698,0.347,0.6135,0.084,0.1655,0.1425,0.7701503472939698
0.839,0.289,0.828,0.451,0.3375,0.549,0.36160117471990194
0.047,0.6485,0.231,0.05,0.592,0.05,0.8671228880611898
0.5555,0.245,0.497,0.0945,0.0905,0.103,0.7565438402016582
0.511,0.524,0.225,0.6045,0.409,0.532,0.7704248115475717
0.132,0.5295,0.2775,0.4305,0.2975,0.3435,0.7923658608576393
0.661,0.497,0.2815,0.1125,0.892,0.123,0.7406729055817785
0.844,0.3915,0.5735,0.754,0.713,0.9095,0.7988816878603459
0.4895,0.6725,0.303,0.677,0.542,0.7775,0.7826065024600468
0.83,0.243,0.744,0.298,0.2075,0.286,0.49731834674139697
0.842,0.113,0.842,0.036,0.0625,0.028,0.42787091591773985
0.4325,0.187,0.109,0.4105,0.156,0.252,0.21548937066578308
0.7005,0.502,0.8075,0.635,0.482,0.7595,0.6977844297990411
0.2665,0.759,0.4425,0.349,0.56,0.383,0.9263022687562493
0.813,0.3145,0.814,0.4465,0.918,0.429,0.7301528831476402
0.386,0.215,0.254,0.162,0.163,0.193,0.5510643853393842
0.695,0.4445,0.77,0.5235,0.9305,0.4935,0.7282111750897271
0.928,0.1015,0.926,0.639,0.1235,0.3355,0.5410501532495917
0.875,0.206,0.888,0.652,0.7755,0.9295,0.26314925971582537
0.817,0.534,0.792,0.137,0.9505,0.1535,0.8649357902806941
0.166,0.3335,0.359,0.488,0.1085,0.0925,0.6399241882806213
0.9225,0.2475,0.924,0.4815,0.9625,0.3695,0.6649768570842456
0.1445,0.849,0.3285,0.384,0.5925,0.44,0.9073843803963572
0.8115,0.843,0.572,0.85,0.7605,0.6745,0.982164646431877
0.6695,0.519,0.6905,0.847,0.572,0.906,0.7547560648011875
0.8645,0.386,0.577,0.7535,0.6785,0.9525,0.6241548895905416
0.322,0.765,0.3655,0.2205,0.615,0.311,0.908336316567111
0.6285,0.8765,0.6895,0.6445,0.781,0.57,0.9613066315727892
0.38,0.6695,0.34,0.736,0.4675,0.4395,0.8566683143998866
0.391,0.6195,0.433,0.396,0.5285,0.453,0.71155246688185
0.3995,0.202,0.051,0.295,0.092,0.1255,0.27215758114189
0.727,0.4915,0.7395,0.8595,0.695,0.829,0.8063453510710769
0.887,0.07,0.706,0.8865,0.117,0.6135,0.2300426307789711
0.815,0.323,0.7515,0.3995,0.328,0.613,0.5472071007493604
0.59,0.5475,0.343,0.4925,0.4155,0.5835,0.7233113567196556
0.0635,0.034,0.018,0.029,0.024,0.028,0.013428648628106651
0.226,0.2,0.182,0.1675,0.136,0.117,0.340389639654601
0.682,0.484,0.6335,0.6415,0.563,0.9095,0.8521865619325112
0.4895,0.6205,0.4315,0.831,0.6855,0.8785,0.7874475543179154
0.641,0.724,0.653,0.553,0.773,0.852,0.9070679409564562
0.4085,0.6185,0.708,0.7735,0.595,0.9545,0.8974027365139695
0.1,0.7515,0.1315,0.26,0.4625,0.395,0.8619494181461026
0.3835,0.387,0.3525,0.373,0.3835,0.375,0.9123284034317796
0.638,0.826,0.752,0.845,0.7245,0.9305,0.9104490207603161
0.505,0.5435,0.8415,0.637,0.573,0.8805,0.6926351638987627
0.812,0.6005,0.7815,0.543,0.8685,0.448,0.8026872049208851
0.819,0.314,0.783,0.674,0.8855,0.6435,0.44489081969766475
0.167,0.704,0.2905,0.3665,0.461,0.435,0.9445510620167853
0.1215,0.74,0.1745,0.2695,0.35,0.2515,0.9227007717216712
0.0155,0.939,0.019,0.3975,0.497,0.3785,0.9717192047940327
0.197,0.199,0.208,0.18,0.199,0.203,0.3509852618150303
0.7355,0.8965,0.815,0.38,0.9495,0.445,0.9648322445411974
0.2185,0.187,0.271,0.115,0.104,0.114,0.798286216011173
0.089,0.8065,0.2335,0.8675,0.176,0.5775,0.8145045708534393
0.3085,0.253,0.2855,0.3015,0.256,0.3,0.7918889963751167
0.635,0.699,0.812,0.323,0.881,0.4835,0.8638484700571933
0.4895,0.8185,0.3985,0.2585,0.853,0.258,0.9732586635714751
0.5675,0.52,0.842,0.802,0.68,0.934,0.746105833081778
0.734,0.6515,0.584,0.155,0.874,0.457,0.8199627943217035
0.3725,0.4465,0.3945,0.3605,0.459,0.394,0.8039760122736903
0.0755,0.027,0.015,0.3785,0.029,0.072,9.310854001940749e-05
0.815,0.2705,0.859,0.8505,0.3535,0.68,0.5681750335576599
0.445,0.863,0.518,0.93,0.5465,0.7675,0.9452689532158209
0.859,0.3985,0.84,0.257,0.95,0.3365,0.7569248311926411
0.16,0.4085,0.3745,0.6065,0.2625,0.433,0.654962735325292
0.96,0.264,0.957,0.612,0.9335,0.751,0.5473470209185003
0.796,0.139,0.792,0.144,0.09,0.1015,0.3685131100699208
0.2075,0.2255,0.202,0.212,0.212,0.209,0.5875201563131047
0.267,0.478,0.341,0.381,0.3675,0.283,0.8409795476143045
0.1835,0.6555,0.5195,0.729,0.8485,0.486,0.9160782504975318
0.732,0.4365,0.7715,0.8915,0.7885,0.8175,0.7451644340756933
0.2815,0.716,0.2895,0.175,0.697,0.2585,0.8672365375445652
0.221,0.135,0.112,0.03,0.1755,0.032,0.7843041404792452
0.759,0.2235,0.789,0.485,0.9595,0.429,0.605828580572405
0.6775,0.703,0.603,0.347,0.6615,0.593,0.855943628141304
0.4675,0.6685,0.246,0.883,0.4645,0.5645,0.8288584229876582
0.5035,0.7245,0.698,0.8185,0.6375,0.914,0.8921654578012546
0.078,0.327,0.107,0.18,0.0925,0.121,0.8079589348593617
0.24,0.254,0.236,0.226,0.2545,0.2285,0.42034675134747856
0.387,0.8515,0.35,0.8135,0.6495,0.8825,0.9686100010728012
0.7315,0.3515,0.355,0.993,0.317,0.504,0.7715634720269295
0.9405,0.1975,0.912,0.86,0.245,0.5625,0.626708707068004
0.274,0.86,0.579,0.762,0.7945,0.734,0.912648552359712
0.774,0.588,0.8125,0.7805,0.621,0.911,0.7959505805018285
0.84,0.3475,0.856,0.7585,0.4535,0.8285,0.6759274838012763
0.894,0.165,0.6605,0.3455,0.199,0.453,0.37017854782798054
0.864,0.161,0.89,0.4615,0.3605,0.818,0.4280915326260767
0.681,0.401,0.718,0.5765,0.9005,0.391,0.8210741985236831
0.677,0.8885,0.523,0.1575,0.8545,0.341,0.969426051164703
0.449,0.7105,0.4825,0.512,0.812,0.7315,0.7977666791044244
0.424,0.6035,0.077,0.4685,0.415,0.5615,0.7060970157847426
0.285,0.9455,0.4285,0.044,0.8585,0.162,0.9950398415043732
0.3665,0.728,0.2635,0.165,0.46,0.281,0.9229456603678514
0.7195,0.721,0.5275,0.844,0.713,0.9535,0.841604709165606
0.2425,0.6455,0.7885,0.8135,0.525,0.7985,0.8522938995363705
0.305,0.579,0.4115,0.6445,0.437,0.644,0.9152217845616201
0.863,0.085,0.892,0.197,0.052,0.11,0.10233755886917296
0.241,0.716,0.5055,0.689,0.598,0.8855,0.9086325677229979
0.638,0.6655,0.5755,0.7845,0.64,0.9,0.8950057062604999
0.289,0.702,0.5205,0.5715,0.7545,0.5215,0.9082268699107738
0.2815,0.783,0.4865,0.227,0.58,0.2945,0.9693092174965088
0.5955,0.5415,0.6425,0.414,0.4,0.613,0.7331458216330515
0.028,0.174,0.036,0.06,0.0935,0.046,0.226883641428354
0.29,0.73,0.6495,0.3425,0.883,0.3675,0.8762236669024213
0.2975,0.6,0.377,0.4845,0.4515,0.4705,0.844648703823216
0.649,0.188,0.092,0.449,0.163,0.169,0.22436020890921643
0.6335,0.873,0.407,0.4935,0.842,0.715,0.9328767079177602
0.425,0.364,0.495,0.6325,0.8445,0.856,0.692388243542595
0.811,0.5845,0.8545,0.8545,0.5725,0.824,0.839378560688951
0.824,0.31,0.768,0.4265,0.2905,0.4575,0.5830058438745971
0.767,0.5685,0.4125,0.9535,0.486,0.5395,0.6691383720501849
0.3755,0.617,0.3545,0.646,0.5565,0.688,0.910211475746521
0.903,0.1155,0.928,0.5835,0.1585,0.48,0.25279700852417547
0.028,0.1905,0.058,0.054,0.08,0.037,0.44052850303656743
0.9,0.112,0.901,0.9065,0.1385,0.477,0.42020996658465304
0.881,0.204,0.877,0.7545,0.3435,0.686,0.4259368381374483
0.731,0.2975,0.885,0.7985,0.923,0.6865,0.45217080496418605
0.335,0.918,0.4815,0.224,0.8735,0.316,0.9528237730042775
0.598,0.557,0.221,0.839,0.4045,0.357,0.7204386884021641
0.941,0.233,0.764,0.983,0.4015,0.7635,0.44232657173674295
0.6295,0.507,0.502,0.85,0.485,0.7005,0.9225808350420219
0.803,0.264,0.4645,0.243,0.1655,0.18,0.4368607159710104
0.373,0.3715,0.387,0.059,0.157,0.068,0.7145438199293782
0.707,0.3935,0.776,0.4805,0.3805,0.4785,0.7452863399949974
0.085,0.49,0.12,0.042,0.369,0.1095,0.6829970802883976
0.4195,0.8955,0.512,0.384,0.747,0.518,0.9606155800824403
0.274,0.795,0.4075,0.4555,0.444,0.798,0.9121442281701359
0.08,0.128,0.052,0.101,0.1025,0.05,0.18449508224789288
0.561,0.837,0.5965,0.5325,0.8205,0.4795,0.9840947786090272
0.4195,0.642,0.4075,0.4005,0.4745,0.573,0.7642589907804337
0.1755,0.856,0.2285,0.3095,0.463,0.3735,0.9678442059068797
0.3555,0.9015,0.637,0.1745,0.8665,0.4335,0.9454855403938849
0.4735,0.893,0.4205,0.67,0.7665,0.519,0.956690370683586
0.698,0.658,0.4725,0.9525,0.6015,0.782,0.910815588747695
0.8445,0.4285,0.6305,0.9615,0.4745,0.818,0.8322494797777761
0.732,0.828,0.71,0.805,0.7345,0.9235,0.897833710012075
0.316,0.284,0.279,0.4025,0.238,0.3845,0.44152985510975196
0.4,0.7195,0.627,0.592,0.78,0.7215,0.8472116342919791
0.413,0.857,0.4685,0.181,0.898,0.23,0.9404935520516766
0.6105,0.611,0.807,0.9695,0.6295,0.923,0.9634668758815632
0.4095,0.8495,0.143,0.5815,0.5085,0.584,0.9559879152306111
0.4415,0.653,0.152,0.2275,0.369,0.226,0.9317856847646283
0.4675,0.2755,0.3375,0.42,0.2335,0.3415,0.6760380485828865
0.285,0.2475,0.2965,0.2335,0.249,0.289,0.7499937792436115
0.405,0.7445,0.3635,0.3685,0.5405,0.6195,0.9624612611928932
0.767,0.4115,0.279,0.973,0.334,0.496,0.5434957715356699
0.5305,0.743,0.442,0.354,0.955,0.312,0.8643150806115192
0.1155,0.429,0.0915,0.0365,0.138,0.04,0.8004203605548812
0.203,0.5625,0.2755,0.1955,0.309,0.1795,0.8092725944215173
0.1475,0.806,0.281,0.864,0.414,0.793,0.8688889490095529
0.986,0.03,0.988,0.6755,0.889,0.9085,0.04172748736676521
0.143,0.757,0.318,0.8925,0.5015,0.7565,0.8863703798251519
0.6155,0.69,0.8055,0.307,0.926,0.2955,0.9106365545092264
0.798,0.254,0.7465,0.8955,0.268,0.5585,0.6559505436573575
0.4635,0.8105,0.597,0.3805,0.8095,0.4145,0.9949425862723087
0.8035,0.548,0.3325,0.955,0.47,0.626,0.5927370475726541
0.6085,0.5105,0.573,0.733,0.42,0.6095,0.6641404686671565
0.966,0.016,0.7705,0.9675,0.032,0.31,6.868591324687378e-05
0.294,0.9015,0.156,0.541,0.6675,0.3835,0.9752122092530394
0.1195,0.855,0.2255,0.8265,0.5295,0.6355,0.9760637172455495
0.682,0.661,0.5145,0.497,0.5645,0.531,0.7943022447694872
0.86,0.121,0.74,0.06,0.106,0.1365,0.13189476263553737
0.445,0.914,0.4485,0.9225,0.6535,0.787,0.9997378969955006
0.114,0.5925,0.4435,0.5955,0.3695,0.4415,0.763718039896031
0.939,0.005,0.977,0.941,0.014,0.3645,0.00018394901492205706
0.334,0.967,0.5115,0.6885,0.681,0.9425,0.9899361129101807
0.967,0.04,0.985,0.8775,0.9645,0.5945,0.14128265913862514
0.737,0.34,0.7345,0.339,0.709,0.6795,0.7975062051553534
0.8285,0.248,0.856,0.895,0.883,0.638,0.5496169613591491
0.817,0.8165,0.715,0.9195,0.7335,0.8375,0.8461865227204262
0.9085,0.211,0.221,0.933,0.257,0.557,0.41148199991714574
0.768,0.1645,0.871,0.6605,0.757,0.8375,0.6274477814874624
0.344,0.438,0.649,0.5405,0.445,0.712,0.8974197858877063
0.072,0.15,0.049,0.062,0.102,0.048,0.1766760703131549
0.296,0.7825,0.256,0.774,0.5905,0.93,0.8812941685369433
0.92,0.1885,0.884,0.4095,0.921,0.7855,0.25161029431315923
0.043,0.421,0.082,0.166,0.1235,0.076,0.7751341663685224
0.449,0.105,0.001,0.016,0.024,0.016,0.13719172531624543
0.236,0.64,0.2,0.1235,0.281,0.1585,0.8769491162790387
0.114,0.1645,0.103,0.184,0.118,0.1375,0.4910600469168336
0.5625,0.784,0.5725,0.7845,0.644,0.913,0.9966672518393509
0.649,0.471,0.694,0.613,0.8735,0.509,0.6187783123145507
0.1525,0.6335,0.2645,0.7515,0.404,0.4405,0.7996039453068022
0.371,0.7755,0.382,0.4315,0.547,0.4555,0.9330036759503129
0.6045,0.5795,0.719,0.613,0.4985,0.6305,0.9412224301060688
0.863,0.312,0.851,0.3355,0.928,0.379,0.679178451188492
0.28,0.8995,0.4845,0.328,0.5545,0.6295,0.9783345635150091
0.181,0.196,0.151,0.207,0.1765,0.147,0.4127376631549371
0.255,0.622,0.426,0.557,0.4455,0.4355,0.8163004122390956
0.9045,0.06,0.88,0.2235,0.077,0.239,0.8098330011961079
0.7255,0.4205,0.627,0.6465,0.7655,0.8895,0.5658866830047625
0.193,0.537,0.635,0.3425,0.363,0.3195,0.8808036379555164
0.051,0.119,0.076,0.542,0.1085,0.282,0.3381900927617053
0.026,0.041,0.037,0.024,0.039,0.027,0.02447949410991855
0.2785,0.49,0.5435,0.439,0.5075,0.68,0.9244828980248633
0.2745,0.897,0.313,0.3305,0.7715,0.4635,0.9882600144634053
0.328,0.5175,0.272,0.7025,0.465,0.6545,0.7823437898768073
0.194,0.259,0.239,0.2165,0.276,0.2365,0.7692282573563947
0.4905,0.9295,0.5785,0.5875,0.8305,0.5755,0.9685210339200014
0.7295,0.4875,0.8045,0.9185,0.523,0.7635,0.8710196616460126
0.1365,0.4065,0.341,0.5665,0.355,0.563,0.87709075380267
0.781,0.797,0.7725,0.3985,0.862,0.63,0.8848814147051719
0.336,0.6965,0.404,0.469,0.541,0.7225,0.8677221135083971
0.5435,0.865,0.7165,0.831,0.857,0.6885,0.9737788801698944
0.238,0.942,0.231,0.1655,0.785,0.254,0.9937126396096208
0.971,0.472,0.978,0.056,1.0,0.096,0.6961557629499933
0.061,0.68,0.129,0.3675,0.2375,0.238,0.9354591530931711
0.057,0.021,0.032,0.05,0.022,0.038,7.702494810483386e-05
0.1575,0.442,0.095,0.9615,0.291,0.3505,0.6928185557827263
0.7505,0.3875,0.7385,0.567,0.797,0.8305,0.5876896908665703
0.3125,0.373,0.3595,0.342,0.362,0.3645,0.8644679761455448
0.7635,0.3155,0.6895,0.85,0.309,0.7145,0.4856409642212496
0.6895,0.469,0.342,0.553,0.941,0.6705,0.6369692609889239
0.2735,0.8395,0.4795,0.73,0.702,0.8275,0.8716820047171516
0.044,0.051,0.028,0.008,0.029,0.009,0.18236332914270667
0.6855,0.4425,0.593,0.4515,0.3545,0.652,0.8077693913085935
0.163,0.591,0.431,0.839,0.402,0.705,0.820372199470158
0.578,0.5465,0.494,0.9395,0.543,0.682,0.7656938606964758
0.1875,0.1085,0.146,0.167,0.117,0.139,0.6414028862633888
0.819,0.236,0.767,0.1885,0.896,0.4285,0.5376486630117587
0.5485,0.06,0.906,0.4315,0.982,0.667,0.008510435454878945
0.123,0.4095,0.1925,0.123,0.253,0.1665,0.5689636572963714
0.815,0.1595,0.8685,0.898,0.928,0.514,0.4095445287180991
0.7575,0.7365,0.775,0.767,0.688,0.7785,0.9303538010706158
0.959,0.062,0.957,0.1245,0.987,0.1725,0.015484115501285665
0.794,0.2275,0.788,0.8195,0.528,0.903,0.7815117745032836
0.149,0.6005,0.3295,0.524,0.3755,0.712,0.8775468165502394
0.6,0.8975,0.739,0.9,0.7505,0.8485,0.9841770963893247
0.002,0.001,0.002,0.002,0.001,0.002,7.65877441853554e-30
0.1195,0.35,0.195,0.1705,0.214,0.186,0.8091526220896166
0.874,0.1775,0.8185,0.25,0.122,0.2215,0.37654889654249124
0.016,0.221,0.03,0.077,0.0985,0.045,0.31878626268097626
0.899,0.256,0.786,0.659,0.396,0.746,0.5375857984537764
0.297,0.4735,0.3035,0.5055,0.384,0.446,0.8287698228408231
0.885,0.084,0.6755,0.368,0.058,0.2765,0.1585465150732759
0.696,0.869,0.7865,0.5755,0.9205,0.651,0.9683533982025097
0.7365,0.622,0.793,0.556,0.859,0.6645,0.7385246108341084
0.941,0.072,0.113,0.42,0.0775,0.236,0.10539782730654033
0.539,0.2695,0.2175,0.636,0.2255,0.334,0.49442704822118444
0.3405,0.9185,0.564,0.4885,0.748,0.627,0.9637664746164809
0.538,0.6245,0.4385,0.6965,0.6885,0.817,0.8467234306740612
0.329,0.7515,0.29,0.886,0.554,0.586,0.7871565300467086
0.934,0.235,0.9165,0.26,0.255,0.4725,0.631199794885247
0.717,0.304,0.8475,0.4375,0.352,0.7305,0.8042860488874168
0.675,0.4505,0.546,0.5545,0.4455,0.593,0.9040157041805273
0.978,0.065,0.952,0.252,0.0805,0.2,0.29150642143033756
0.9025,0.2445,0.884,0.885,0.558,0.944,0.8093874165406341
0.83,0.5835,0.7445,0.957,0.8195,0.7565,0.7824636290869037
0.5465,0.7625,0.6145,0.2145,0.8945,0.3245,0.9196351743839308
0.845,0.247,0.906,0.189,0.9745,0.261,0.5586638352562885
0.939,0.366,0.965,0.265,0.977,0.3615,0.6282555821574767
0.0895,0.2285,0.067,0.095,0.1625,0.081,0.5126631030340301
0.682,0.8,0.6435,0.2245,0.939,0.2765,0.9614495011480804
0.279,0.6035,0.485,0.147,0.8275,0.2855,0.8989214853291796
0.4055,0.582,0.696,0.342,0.5905,0.5085,0.7310098313910853
0.312,0.424,0.3505,0.342,0.4125,0.3475,0.9240153522227201
0.86,0.107,0.869,0.0675,0.033,0.0445,0.36375575917006986
0.9265,0.1215,0.888,0.2415,0.0785,0.264,0.7573855605115263
0.493,0.847,0.504,0.641,0.8425,0.5485,0.9533101483220294
0.169,0.533,0.249,0.189,0.386,0.181,0.8673660321345895
0.4035,0.924,0.5325,0.139,0.849,0.3105,0.9740654481015326
0.4935,0.522,0.476,0.863,0.5515,0.9235,0.8897958859580388
0.913,0.3605,0.856,0.041,0.986,0.0545,0.6881684472763329
0.633,0.1795,0.1105,0.094,0.1275,0.106,0.2553075127734315
0.785,0.5665,0.7015,0.7255,0.8215,0.8435,0.8820692733024553
0.5485,0.404,0.3115,0.332,0.2775,0.3655,0.8608411000811959
0.6935,0.739,0.7355,0.7265,0.737,0.722,0.9786097099248221
0.781,0.4385,0.359,0.563,0.356,0.4735,0.5892381696605653
0.944,0.03,0.959,0.2485,0.022,0.171,0.004658628098338284
0.5555,0.5635,0.829,0.346,0.757,0.6815,0.9029185073312781
0.1665,0.467,0.143,0.8575,0.3625,0.193,0.6609317989294334
0.072,0.4985,0.098,0.1105,0.207,0.1095,0.8364340667209356
0.2045,0.4935,0.318,0.235,0.454,0.2965,0.8637969904412307
0.129,0.5625,0.177,0.306,0.3535,0.203,0.6196548034356871
0.95,0.022,0.951,0.741,0.858,0.8985,0.0032316489702036884
0.1125,0.767,0.1745,0.563,0.4945,0.648,0.8275105405628552
0.801,0.113,0.028,0.102,0.0625,0.087,0.27828529341914876
0.4235,0.3445,0.248,0.88,0.282,0.282,0.505839625650143
0.482,0.757,0.343,0.7075,0.5595,0.411,0.9754833242165053
0.896,0.1685,0.915,0.5625,0.9325,0.6455,0.2319871137176025
0.866,0.155,0.832,0.6165,0.805,0.8355,0.36475990965027016
0.757,0.767,0.694,0.7905,0.7715,0.46,0.9486823464898911
0.262,0.7595,0.3945,0.5045,0.572,0.736,0.9119907679394492
0.554,0.611,0.484,0.6295,0.5205,0.667,0.9446611689991278
0.584,0.4845,0.6375,0.8235,0.5285,0.9175,0.8417451624036179
0.4245,0.221,0.2585,0.2735,0.2145,0.2775,0.7567086489392412
0.2805,0.637,0.0935,0.0455,0.229,0.022,0.854669614476398
0.475,0.835,0.2415,0.2315,0.7995,0.266,0.9572907956082706
0.3395,0.5875,0.173,0.4465,0.432,0.539,0.7589592497927076
0.041,0.12,0.08,0.061,0.087,0.068,0.2877062561777113
0.427,0.4115,0.4055,0.3815,0.3435,0.3825,0.757625694629038
0.912,0.11,0.765,0.203,0.0925,0.112,0.450271538332942
0.2405,0.235,0.2055,0.101,0.197,0.2395,0.252734291695324
0.8,0.104,0.701,0.09,0.0765,0.085,0.11302815447659513
0.7235,0.386,0.6845,0.6385,0.4005,0.672,0.9054253455643272
0.309,0.8665,0.1685,0.7305,0.5505,0.4685,0.964662977380766
0.132,0.6655,0.198,0.2205,0.4465,0.2155,0.958577437533976
0.0755,0.4845,0.1125,0.138,0.4045,0.0685,0.6290480890974403
0.919,0.0725,0.03,0.8985,0.034,0.05,0.13070360106152304
0.043,0.0945,0.065,0.05,0.076,0.058,0.3359303274173373
0.827,0.222,0.79,0.1675,0.515,0.208,0.8349032948636004
0.452,0.7635,0.512,0.3205,0.8345,0.501,0.8355213462149534
0.791,0.736,0.7715,0.6085,0.811,0.6065,0.9378037396421511
0.8175,0.277,0.727,0.7785,0.6325,0.9015,0.711231806881187
0.634,0.6535,0.4345,0.8685,0.6135,0.7705,0.7558805948174582
0.4875,0.917,0.3605,0.5665,0.7095,0.8375,0.9778108992541154
0.4915,0.297,0.643,0.1605,0.9435,0.2345,0.720096272899921
0.3405,0.815,0.368,0.991,0.726,0.512,0.9444743258335451
0.752,0.2505,0.314,0.478,0.262,0.36,0.5521009943034364
0.462,0.8705,0.4465,0.4845,0.6335,0.694,0.9578578062662106
0.946,0.2125,0.957,0.187,0.989,0.137,0.6349021349957362
0.6335,0.911,0.6535,0.8805,0.736,0.949,0.9635665921714178
0.787,0.3835,0.827,0.9415,0.716,0.7905,0.8580115740709944
0.4495,0.406,0.769,0.3135,0.283,0.356,0.6449963784460313
0.27,0.9295,0.1865,0.378,0.759,0.3355,0.9960112323878121
0.6105,0.8315,0.748,0.8695,0.718,0.922,0.9789898096662613
0.998,0.019,0.991,0.4295,0.981,0.6215,0.0010473321395082032
0.68,0.399,0.6515,0.2935,0.5115,0.2835,0.9080290955790471
0.14,0.536,0.4295,0.3865,0.343,0.5145,0.8448814846593693
0.877,0.11,0.119,0.4045,0.155,0.5395,0.1954996680969465
0.095,0.082,0.078,0.066,0.0855,0.077,0.4321641427499018
0.084,0.668,0.203,0.0645,0.5755,0.124,0.8562891029673957
0.62,0.385,0.664,0.6595,0.899,0.4855,0.6476910127670993
0.534,0.5815,0.5715,0.628,0.549,0.577,0.7680884478614276
0.753,0.346,0.7595,0.5585,0.505,0.7495,0.8623537491820278
0.185,0.3505,0.3035,0.118,0.1875,0.1715,0.7555402618364013
0.929,0.006,0.904,0.178,0.005,0.0735,4.8027193246593685e-24
0.37,0.7505,0.469,0.562,0.537,0.6035,0.9120834680891173
0.862,0.003,0.015,0.007,0.003,0.012,1.6778917629374228e-06
0.3965,0.784,0.72,0.7535,0.729,0.913,0.9638141374193762
0.7635,0.885,0.8565,0.7505,0.8665,0.743,0.9585705574307013
0.7695,0.9535,0.5685,0.435,0.9195,0.4775,0.9949381458891633
0.8325,0.211,0.593,0.667,0.856,0.8455,0.37582182646795936
0.685,0.7365,0.854,0.7305,0.8465,0.657,0.8486081566449268
0.5185,0.047,0.896,0.196,0.03,0.1075,0.03878818279722044
0.6605,0.5175,0.27,0.961,0.397,0.4695,0.7078864185376966
0.43,0.8605,0.265,0.2485,0.7345,0.2855,0.9722444096910453
0.377,0.918,0.4615,0.156,0.7715,0.159,0.9875947329776709
0.094,0.3195,0.114,0.486,0.345,0.6905,0.4497134003323603
0.6125,0.8075,0.485,0.9835,0.689,0.5885,0.9466852160606924
0.721,0.1905,0.106,0.287,0.132,0.09,0.2970142280787662
0.982,0.023,0.84,0.3365,0.031,0.164,0.008250734173823257
0.993,0.007,0.988,0.686,0.009,0.4215,6.36896433286652e-12
0.557,0.8865,0.585,0.5815,0.756,0.5345,0.9553585566457425
0.6825,0.7235,0.811,0.213,0.8915,0.217,0.8553242279037111
0.2295,0.769,0.3845,0.2615,0.5635,0.5245,0.8592035038669565
0.226,0.8265,0.2925,0.7905,0.609,0.9275,0.9298194626394616
0.5715,0.3315,0.6225,0.1015,0.18,0.1535,0.7721273231480947
0.529,0.6415,0.523,0.79,0.6325,0.9355,0.8688558048910067
0.032,0.2555,0.3455,0.322,0.8625,0.653,0.6730635381654024
0.736,0.606,0.8145,0.7695,0.673,0.8425,0.9406717793187714
0.486,0.927,0.5425,0.7065,0.694,0.731,0.9822088026708335
0.466,0.664,0.637,0.335,0.443,0.613,0.906708335312411
0.179,0.2155,0.462,0.3465,0.216,0.354,0.4080611830157571
0.02,0.117,0.019,0.032,0.0395,0.0085,0.6845771271232657
0.957,0.361,0.9775,0.8445,0.902,0.915,0.6135941303452715
0.386,0.1835,0.218,0.2575,0.189,0.2335,0.5677113594195493
0.115,0.511,0.1635,0.18,0.33,0.1695,0.8482417855337848
0.6395,0.284,0.2815,0.7955,0.4285,0.8495,0.6576470036719273
0.3445,0.781,0.257,0.9265,0.5575,0.9145,0.9652167303211852
0.568,0.891,0.678,0.615,0.797,0.708,0.9636210988289033
0.961,0.053,0.968,0.875,0.4085,0.931,0.05208990269701306
0.517,0.8825,0.7645,0.875,0.813,0.9185,0.9538753248485438
0.189,0.785,0.041,0.7635,0.5645,0.9225,0.9066497973985884
0.579,0.39,0.5195,0.1875,0.259,0.26,0.642498193685622
0.3215,0.6805,0.4625,0.408,0.613,0.3875,0.7344471176120433
0.815,0.249,0.826,0.6735,0.2845,0.578,0.5573783145571047
0.74,0.7505,0.515,0.972,0.7505,0.7075,0.8939043801887241
0.2655,0.3815,0.223,0.159,0.2255,0.212,0.8552563735316138
0.123,0.108,0.028,0.642,0.045,0.035,0.20515445602245924
0.849,0.3845,0.717,0.6595,0.832,0.6515,0.8195643584671034
0.933,0.109,0.946,0.6755,0.964,0.74,0.10323385529304283
0.6695,0.57,0.7575,0.5065,0.8475,0.5205,0.9370366139980675
0.2205,0.4175,0.2185,0.2385,0.354,0.237,0.7632147661149224
0.568,0.8545,0.6065,0.83,0.701,0.9105,0.96351032718457
0.968,0.0205,0.967,0.8465,0.11,0.7425,5.9827625008281385e-05
0.429,0.9275,0.6625,0.4695,0.828,0.573,0.9691500743487964
0.1575,0.2845,0.139,0.1345,0.1395,0.134,0.8376630457136112
0.2025,0.9125,0.4365,0.5165,0.6415,0.817,0.9609743768817838
0.548,0.6305,0.499,0.7145,0.4755,0.723,0.8504052243398692
0.034,0.192,0.069,0.034,0.116,0.04,0.3259019347395431
0.4745,0.4685,0.521,0.5955,0.4495,0.5765,0.8465677686012554
0.605,0.4225,0.7205,0.587,0.4465,0.61,0.8969605656014857
0.426,0.808,0.501,0.0465,0.811,0.134,0.9001151518800441
0.775,0.4265,0.8215,0.608,0.726,0.906,0.8109398503938818
0.973,0.138,0.9165,0.8145,0.243,0.5315,0.45787671897589133
0.319,0.895,0.304,0.7465,0.751,0.305,0.9786585117431259
0.5175,0.225,0.303,0.2225,0.1965,0.2465,0.6377019706968592
0.771,0.407,0.8565,0.887,0.883,0.73,0.5247288433435242
0.165,0.4845,0.1955,0.9195,0.5125,0.8175,0.7932844330084337
0.185,0.4735,0.4625,0.531,0.333,0.4605,0.8457880453487191
0.655,0.412,0.628,0.972,0.336,0.57,0.7019845998662531
0.6465,0.313,0.132,0.1475,0.177,0.12,0.5015953733167385
0.236,0.8945,0.3195,0.6855,0.6605,0.87,0.9215706489282467
0.6825,0.434,0.632,0.9245,0.503,0.85,0.7571597760968517
0.4385,0.5695,0.4875,0.7215,0.4795,0.868,0.8664967267266576
0.418,0.7235,0.4135,0.514,0.742,0.7565,0.9109303810435234
0.355,0.742,0.543,0.603,0.5265,0.719,0.943525796818699
0.355,0.9275,0.528,0.768,0.697,0.821,0.9877437183035269
0.851,0.586,0.905,0.959,0.652,0.958,0.8618180850345841
0.259,0.919,0.2235,0.722,0.6845,0.606,0.9471491903697367
0.872,0.2565,0.7865,0.688,0.572,0.9335,0.784537327851424
0.862,0.177,0.82,0.669,0.5965,0.936,0.2548538289275406
0.309,0.707,0.531,0.651,0.56,0.7205,0.8915194741451351
0.238,0.236,0.214,0.237,0.217,0.2255,0.750961651418313
0.884,0.074,0.931,0.414,0.132,0.415,0.1282495676491134
0.5165,0.8895,0.4485,0.446,0.5785,0.6035,0.971271766762718
0.956,0.413,0.946,0.1445,0.9915,0.199,0.8607134074067079
0.4055,0.911,0.277,0.1245,0.777,0.147,0.982858413525608
0.995,0.006,0.993,0.304,0.0475,0.486,5.919618549812576e-05
0.562,0.638,0.5515,0.927,0.761,0.707,0.8329787486038153
0.053,0.112,0.093,0.052,0.102,0.077,0.16139635894728646
0.037,0.0605,0.04,0.043,0.045,0.033,0.06247006061514394
0.8345,0.3105,0.7995,0.2555,0.8925,0.3215,0.9157376073342978
0.418,0.5535,0.534,0.505,0.6375,0.844,0.876958771500443
0.2205,0.5765,0.3715,0.973,0.458,0.5605,0.8215567849451109
0.665,0.394,0.6135,0.038,0.125,0.135,0.6655358112292802
0.381,0.863,0.52,0.695,0.609,0.923,0.9690088186842013
0.218,0.1605,0.168,0.1345,0.126,0.283,0.19503297517501023
0.6505,0.46,0.551,0.8485,0.4545,0.6705,0.5859994388453276
0.183,0.317,0.059,0.072,0.1565,0.035,0.7414253826803753
0.2965,0.326,0.713,0.644,0.4785,0.772,0.935142618554113
0.882,0.2555,0.8255,0.4725,0.32,0.535,0.5725140026816793
0.933,0.183,0.949,0.8175,0.7325,0.7825,0.8884621730074663
0.757,0.3635,0.4225,0.311,0.2845,0.405,0.653751372555321
0.605,0.804,0.696,0.8765,0.796,0.9175,0.9277603019190588
0.072,0.526,0.013,0.313,0.2895,0.0945,0.7274785417269929
0.272,0.7095,0.3655,0.881,0.6425,0.7355,0.8982685114466524
0.629,0.3205,0.586,0.453,0.355,0.7675,0.6661573616298684
0.5085,0.902,0.642,0.6565,0.732,0.87,0.9935337395332209
0.678,0.6995,0.652,0.679,0.616,0.7665,0.8698161288403436
0.4425,0.873,0.217,0.161,0.551,0.1985,0.995874902617941
0.129,0.504,0.1685,0.3395,0.28,0.2465,0.9067771835210399
0.693,0.385,0.688,0.916,0.4315,0.673,0.767861290821334
0.082,0.103,0.8585,0.5385,0.365,0.7985,0.17873577486290163
0.908,0.748,0.8795,0.9425,0.787,0.9545,0.8937115803668982
0.468,0.8885,0.3315,0.573,0.59,0.7185,0.9993698058786724
0.795,0.224,0.836,0.919,0.342,0.7365,0.3835859476823348
0.3945,0.8525,0.53,0.787,0.7685,0.6855,0.9090789558393788
0.7475,0.6065,0.6325,0.775,0.6765,0.927,0.6945062885850757
0.6595,0.009,0.017,0.089,0.012,0.041,6.843249886874101e-07
0.3765,0.841,0.3745,0.2545,0.7185,0.284,0.9421914781815581
0.1105,0.5045,0.267,0.2635,0.308,0.315,0.7635777584443394
0.4225,0.7285,0.3895,0.7535,0.617,0.9,0.885086585089377
0.895,0.211,0.896,0.3725,0.947,0.452,0.6478410841888316
0.7825,0.442,0.806,0.8365,0.8595,0.6675,0.6664458100197177
0.7905,0.8645,0.7955,0.2715,0.9495,0.309,0.9803854775511291
0.645,0.5335,0.36,0.7125,0.31,0.305,0.9235710881272444
0.3925,0.5375,0.4495,0.572,0.4085,0.594,0.9273442365548328
0.9025,0.105,0.901,0.9135,0.939,0.5395,0.33564957431253506
0.041,0.057,0.039,0.073,0.05,0.056,0.011393541268281316
0.11,0.2585,0.1345,0.1255,0.1875,0.118,0.8165726438229337
0.253,0.8255,0.2765,0.504,0.6945,0.4295,0.9646112491487195
0.3385,0.2715,0.343,0.3805,0.2705,0.36,0.8277518434478088
0.068,0.7,0.2815,0.1655,0.4275,0.1935,0.7987973523955664
0.25,0.272,0.19,0.2565,0.2405,0.1945,0.7475447838395978
0.3045,0.9025,0.561,0.177,0.7285,0.374,0.9326424137393134
0.424,0.2965,0.506,0.369,0.2185,0.3525,0.8652270628988683
0.908,0.058,0.937,0.4885,0.1315,0.4905,0.01810788442799035
0.064,0.7625,0.086,0.385,0.2305,0.232,0.9190510945883578
0.809,0.3595,0.757,0.7725,0.46,0.8395,0.8359166034012918
0.049,0.112,0.091,0.083,0.098,0.102,0.19539711899066106
0.976,0.0405,0.972,0.5955,0.086,0.446,0.14098952824179026
0.165,0.227,0.169,0.2005,0.1775,0.177,0.4084484834574835
0.515,0.254,0.068,0.1105,0.123,0.1225,0.38103962375239653
0.8055,0.0725,0.933,0.273,0.0725,0.3035,0.16976799443052012
0.487,0.372,0.324,0.375,0.3825,0.3325,0.8429469751934004
0.865,0.36,0.933,0.5485,0.991,0.198,0.4258189037193767
0.04,0.2005,0.0515,0.139,0.0575,0.071,0.825021614803719
0.3575,0.9115,0.187,0.979,0.569,0.608,0.977851319616863
0.8945,0.648,0.7875,0.437,0.917,0.667,0.8013612231233529
0.1,0.494,0.2805,0.319,0.2965,0.2925,0.8425704340993696
0.4135,0.6065,0.455,0.472,0.478,0.536,0.781285784719109
0.885,0.372,0.885,0.766,0.699,0.9425,0.7728043686710577
0.3545,0.9225,0.501,0.5125,0.899,0.33,0.964319658683302
0.669,0.501,0.7675,0.708,0.7315,0.681,0.8920942153970753
0.4055,0.571,0.6185,0.742,0.4425,0.7875,0.9235944953264207
0.6525,0.5535,0.639,0.78,0.7245,0.913,0.7114948793982703
0.963,0.153,0.944,0.5875,0.245,0.5235,0.7265217538550541
0.9375,0.229,0.948,0.675,0.5155,0.926,0.6024075957496946
0.352,0.528,0.58,0.6175,0.433,0.6635,0.8204644564675003
0.192,0.203,0.196,0.2055,0.2005,0.2,0.5489557089267454
0.171,0.7375,0.3565,0.178,0.5435,0.328,0.8745322920393855
0.801,0.257,0.764,0.2965,0.19,0.4185,0.8510000887026884
0.3285,0.932,0.3685,0.2855,0.7775,0.506,0.9824097913407738
0.3205,0.9375,0.468,0.621,0.7715,0.6055,0.973889667331133
0.636,0.3755,0.8115,0.5585,0.54,0.8775,0.44301987770990725
0.4785,0.08,0.08,0.115,0.077,0.0665,0.07808934371532544
0.559,0.6485,0.5015,0.4675,0.661,0.459,0.9048747697039266
0.4535,0.443,0.568,0.6755,0.4125,0.6115,0.7897766617639652
0.6955,0.8625,0.5205,0.9705,0.8625,0.6935,0.9555724081524899
0.5385,0.476,0.5495,0.266,0.8105,0.558,0.8599014554345639
0.502,0.724,0.6265,0.5315,0.858,0.659,0.799700217647576
0.966,0.024,0.965,0.8785,0.073,0.4785,0.0039228701817187045
0.4405,0.9265,0.555,0.6435,0.779,0.641,0.9704600334180224
0.8855,0.7975,0.626,0.63,0.8285,0.6145,0.9896870743359094
0.051,0.052,0.023,0.0995,0.032,0.043,0.013100608693310372
0.733,0.405,0.74,0.5525,0.9375,0.4145,0.5964215323710411
0.5325,0.8355,0.606,0.528,0.763,0.6935,0.9195099652411023
0.3485,0.502,0.2845,0.342,0.464,0.278,0.8218525082371446
0.3435,0.8645,0.3705,0.6055,0.5345,0.6335,0.9793567950403824
0.224,0.937,0.334,0.3925,0.7125,0.486,0.9719233404988097
0.065,0.3435,0.059,0.131,0.1215,0.07,0.6965424436843912
0.5885,0.4485,0.4635,0.911,0.397,0.5945,0.8126935349578357
0.6945,0.6585,0.7845,0.7225,0.5595,0.819,0.8654761631220851
0.85,0.088,0.019,0.9055,0.0405,0.1555,0.14840036908875812
0.58,0.732,0.4785,0.7145,0.5075,0.7665,0.8941977399887604
0.2055,0.8115,0.2085,0.3295,0.352,0.305,0.9415040463090274
0.7405,0.5175,0.4405,0.5425,0.865,0.62,0.756770179738578
0.744,0.1965,0.595,0.9765,0.188,0.283,0.22867422757233924
0.8135,0.3545,0.779,0.4705,0.289,0.572,0.6617859182944972
0.523,0.869,0.757,0.165,0.958,0.1675,0.9028740715955712
0.668,0.267,0.67,0.567,0.233,0.5105,0.5189690567028746
0.346,0.6195,0.31,0.214,0.7045,0.2175,0.8832377495493593
0.019,0.041,0.019,0.02,0.037,0.02,0.02358294067523441
0.3675,0.542,0.5525,0.9435,0.554,0.923,0.9229205824614184
0.646,0.612,0.67,0.227,0.898,0.3985,0.7589642530821318
0.2785,0.463,0.371,0.297,0.46,0.36,0.7949080713891453
0.067,0.082,0.069,0.067,0.082,0.0655,0.2540763161966264
0.5995,0.9215,0.523,0.76,0.7175,0.744,0.9833976317956447
0.2635,0.9075,0.225,0.546,0.685,0.4765,0.970770323495228
0.536,0.55,0.238,0.561,0.4695,0.6335,0.8812855933204625
0.7965,0.8705,0.7275,0.516,0.9005,0.3185,0.9662005522467108
0.6415,0.6985,0.7065,0.753,0.7715,0.92,0.8508433792178945
0.925,0.21,0.915,0.497,0.8555,0.4865,0.8528457430058161
0.964,0.7505,0.8735,0.9475,0.732,0.8075,0.883345890908668
